12 24 35 47 58 61 72
83 94 105 106 117 128 139
150 151 162 173 184 195 196
207 218 229 240 10 20 30
40 50 60 70 80 90 100
110 120 130 140 150 160 170
180 190 200 210 220 230 240



(0, 0)
0 0 0 0 0
0 0 0 0 0
0 0 12 24 35
0 0 83 94 105
0 0 150 151 162 -> med = 0
(0, 1)
0 0 0 0 0
0 0 0 0 0
0 12 24 35 47
0 83 94 105 106
0 150 151 162 173 -> med = 0

(0, 2)

0 0 0 0 0
0 0 0 0 0
12 24 35 47 58
83 94 105 106 117
150 151 162 173 184

0 0 0 0 0 0 0 0 0 0 12 24 35 -> med = 35

(0, 3) 
0 0 0 0 0 
0 0 0 0 0
24 35 47 58 61
94 105 106 117 128
151 162 173 184 195 -> 47 valid




