28 90 229 211 213 182 212 241 17 185 196 230 112 153 215 129 82 156 103 194 53 62 67 135 218 170 74 15 233 141 151 195 56 225 211 33 110 106 228 166 75 183 199 185 33 172 96 108 99 39 38 133 211 134 241 55 173 23 188 129 157 173 184 75 197 116 204 98 33 132 173 230 248 121 73 25 253 246 0 245 112 73 15 109 63 15 99 175 88 114 29 151 129 128 71 217 242 100 112 115 228 183 76 214 27 188 73 255 116 149 213 143 81 30 143 197 179 100 85 5 131 228 202 54 72 31 59 203
3 6 2 76 37 61 23 41 67 25 117 105 87 140 146 154 166 7 3 253 147 149 151 57 156 155 54 48 48 206 105 205 105 160 253 153 110 102 102 215 6 99 112 116 202 215 75 208 58 188 69 4 147 144 213 205 76 26 210 223 170 167 173 247 193 127 214 107 38 131 98 231 2 57 82 40 188 181 15 191 238 98 231 170 23 247 105 5 89 81 175 112 72 25 117 161 106 36 17 178 61 134 83 167 170 100 89 232 234 172 143 148 16 233 124 250 149 12 143 166 245 11 160 138 23 47 48 12
59 209 151 82 0 199 95 59 152 246 142 153 189 237 212 86 227 98 239 160 79 195 246 50 38 229 211 117 169 201 168 207 175 123 68 88 68 236 39 243 103 107 75 172 88 114 159 191 222 235 107 54 93 11 245 59 246 97 113 83 108 103 143 98 200 0 181 52 103 68 150 47 69 75 99 172 144 249 220 213 69 63 129 213 57 93 170 126 157 43 83 214 137 253 84 38 40 167 252 177 164 80 215 204 247 211 126 155 35 85 103 26 41 229 181 76 59 29 103 100 2 28 176 61 57 23 161 60
52 82 121 109 105 27 169 157 109 35 11 214 62 180 116 171 215 127 129 21 51 245 192 11 116 66 32 168 55 225 179 172 35 211 84 90 180 7 6 215 218 90 50 143 97 56 102 60 147 152 203 244 209 49 48 100 202 251 88 155 45 137 255 247 132 87 146 177 224 145 168 101 232 58 22 201 203 191 46 180 249 68 125 197 3 171 121 253 239 246 194 243 161 59 240 144 49 178 131 210 237 115 98 30 37 230 240 18 89 82 48 127 56 32 145 146 115 194 17 171 226 162 61 85 100 78 1 71
241 62 156 85 141 157 156 126 220 57 211 105 214 112 231 178 169 186 27 127 42 2 50 211 189 77 83 231 80 133 187 13 210 14 244 34 147 175 47 101 189 36 136 80 211 183 182 145 219 62 225 175 245 151 64 209 213 33 128 203 185 192 156 142 225 28 89 154 220 245 41 189 17 130 88 237 120 129 171 137 3 3 119 123 132 34 5 135 37 124 3 169 158 8 48 195 132 51 108 34 59 156 229 191 208 81 225 11 237 198 203 189 23 172 201 5 115 148 194 138 64 139 143 179 31 82 62 96
221 205 19 253 31 81 93 253 31 112 250 62 194 87 59 225 199 53 31 137 140 91 106 84 144 138 221 29 229 72 113 117 210 78 146 183 150 3 44 104 82 191 31 232 194 76 81 20 11 112 253 205 188 78 226 199 190 223 149 123 45 119 66 235 86 215 102 131 78 169 110 164 128 213 39 207 126 150 115 254 107 155 205 233 49 65 231 156 220 181 133 13 246 108 169 210 33 46 223 23 154 136 233 188 182 200 211 80 80 189 12 6 133 224 87 214 157 99 220 34 67 51 248 224 151 213 3 218
8 251 187 159 208 190 122 217 185 53 120 138 243 242 99 172 39 219 54 26 206 153 199 245 117 253 16 67 151 215 56 12 212 72 79 107 31 135 119 244 208 198 95 239 78 215 227 30 157 67 13 235 26 241 9 183 52 23 163 78 8 172 5 60 195 168 138 203 85 143 7 24 56 145 228 141 33 235 165 89 125 137 230 158 117 139 247 242 21 221 144 138 104 135 124 125 100 12 7 204 147 131 74 247 143 81 195 34 213 13 25 100 95 221 135 52 234 160 152 73 125 31 125 104 192 22 177 61
53 47 165 245 69 87 51 122 134 216 112 203 47 163 69 181 123 181 128 171 88 198 96 212 123 225 127 212 167 223 168 34 192 39 246 103 6 158 138 199 197 128 46 204 31 184 147 228 57 193 176 88 122 67 60 179 5 237 11 127 48 71 50 53 52 61 180 101 132 230 154 185 35 79 30 168 53 184 97 89 7 127 1 61 55 98 150 63 225 151 124 24 249 18 87 218 169 211 242 162 229 74 124 142 29 110 48 3 184 172 145 214 27 194 217 211 110 106 169 137 44 130 93 155 237 6 36 25
137 129 180 118 136 217 143 17 90 68 135 226 29 22 243 119 90 122 90 119 145 77 239 235 200 73 99 89 150 82 68 94 155 167 183 49 249 252 144 148 163 71 198 157 67 86 49 231 157 247 132 225 77 181 200 235 173 76 204 250 1 148 229 174 224 177 169 225 69 142 144 37 64 57 7 133 199 151 171 7 208 178 141 151 73 56 159 25 234 44 176 51 100 79 76 78 123 252 129 223 76 205 45 199 201 174 167 21 123 212 221 69 131 132 90 254 88 55 67 219 187 158 218 20 213 29 239 145
187 201 165 145 231 148 34 162 94 199 51 69 91 85 231 185 28 27 254 120 112 230 49 141 1 48 5 113 22 54 254 23 102 3 136 124 58 135 147 160 138 28 29 196 163 176 101 45 204 130 242 111 50 87 157 255 217 143 110 11 230 11 10 191 154 121 202 128 132 213 63 31 78 10 159 210 223 223 241 45 233 145 255 200 112 241 245 89 130 244 33 242 229 22 75 103 10 108 89 240 130 164 87 140 16 177 124 146 85 212 31 102 133 155 248 218 111 23 64 244 179 57 207 34 80 15 23 3
72 230 38 153 245 61 156 62 35 194 215 24 255 115 86 34 54 45 59 53 161 145 88 215 191 147 12 96 36 100 55 227 247 67 67 28 168 122 255 159 190 67 187 102 189 187 5 123 254 193 225 187 124 231 55 122 168 24 53 36 255 108 158 167 133 211 203 132 64 105 44 197 61 247 73 125 97 117 66 158 109 139 27 206 1 93 108 110 232 135 60 233 228 168 87 204 47 147 182 19 59 13 223 106 161 149 125 220 163 93 71 68 242 196 32 149 33 103 217 20 44 250 169 77 97 131 97 141
125 11 219 222 142 60 108 11 71 71 233 213 131 85 224 203 156 202 160 32 31 129 235 188 75 139 220 106 12 199 38 87 82 2 194 95 201 232 182 28 235 120 123 180 97 49 208 76 170 75 0 11 125 209 87 39 28 87 50 153 40 137 192 69 224 242 222 9 123 159 78 92 145 44 101 13 203 179 105 93 223 206 106 171 129 211 8 96 161 114 11 34 69 19 130 230 133 142 8 202 161 138 176 39 24 184 241 186 67 162 225 91 90 210 21 157 116 246 249 207 201 14 108 61 5 101 12 206
116 121 11 121 222 24 71 82 145 82 203 111 106 18 194 251 101 141 107 207 160 45 203 5 186 54 212 90 99 159 95 29 213 52 120 56 211 215 86 169 11 206 225 223 165 55 136 177 5 105 144 171 161 24 92 166 129 236 81 34 4 173 201 133 153 26 168 157 200 113 35 97 139 203 255 83 60 34 181 199 237 180 27 41 214 208 240 195 132 11 236 90 219 220 29 95 232 9 185 195 229 214 35 205 223 220 145 197 179 180 146 146 144 35 87 67 215 234 214 104 13 45 171 229 23 129 77 37
175 248 10 198 122 87 235 41 79 245 239 201 76 219 242 156 208 226 101 29 189 88 185 141 58 30 170 247 118 99 132 176 130 47 167 248 146 44 169 20 91 80 13 237 124 182 2 215 6 15 197 131 197 199 90 203 214 31 78 155 230 169 102 188 200 181 87 175 94 190 107 38 115 195 213 209 129 65 247 244 4 205 197 133 14 188 121 18 137 62 151 151 250 16 169 132 78 64 27 72 80 197 204 158 5 232 231 86 173 179 244 178 155 219 8 72 143 253 251 42 216 3 115 103 0 110 146 217
113 5 64 114 115 210 75 228 215 139 86 74 94 161 47 53 45 133 128 139 39 175 192 84 52 64 223 91 239 159 175 36 224 142 127 207 46 47 243 14 189 115 221 235 162 209 249 95 68 215 75 230 168 68 69 236 27 144 210 195 213 23 175 240 168 129 180 125 153 99 109 65 229 33 190 126 133 43 191 106 77 125 232 210 168 167 60 245 36 36 199 204 203 3 194 239 39 137 187 242 141 125 225 180 7 157 167 148 26 136 72 33 37 239 181 64 120 254 97 157 237 23 221 101 21 63 3 2
86 224 104 107 31 107 109 117 75 213 224 107 64 78 224 140 35 193 247 100 15 215 240 50 152 231 150 167 190 134 218 87 109 112 254 44 247 216 131 100 73 129 144 64 90 19 164 163 149 53 227 239 72 135 146 221 188 117 204 5 252 94 226 185 211 175 190 208 13 160 137 225 79 71 177 93 231 58 62 55 129 239 148 104 41 210 159 170 193 51 18 234 5 178 148 198 229 166 176 235 88 68 177 62 235 98 41 67 166 218 129 145 60 170 213 227 133 86 116 193 1 73 164 134 160 25 71 161
98 236 39 2 5 110 163 103 90 202 106 95 57 13 199 147 216 49 243 17 62 186 164 22 235 151 39 41 81 204 64 60 99 103 102 181 51 166 241 151 13 87 76 65 253 61 216 11 149 36 76 146 97 36 157 246 72 233 137 169 13 38 160 85 16 41 255 29 79 159 115 95 200 114 125 23 17 240 119 217 98 244 240 115 228 103 76 70 91 60 185 63 164 5 133 255 65 62 63 229 67 196 229 133 3 36 106 70 232 79 203 235 115 54 50 92 133 253 71 249 51 121 85 185 119 156 178 170
22 7 99 141 163 21 55 185 28 155 70 192 176 126 121 205 25 192 141 201 62 6 150 87 198 35 32 4 42 183 91 240 218 124 245 4 51 80 245 13 204 234 18 255 58 7 13 7 241 31 6 43 38 19 50 23 50 57 66 88 76 117 111 127 174 178 215 250 39 71 121 213 249 81 207 32 152 73 245 145 154 196 177 50 13 166 195 167 106 116 217 120 26 156 31 132 16 249 252 42 149 28 175 166 21 171 208 170 199 127 80 220 43 33 135 242 160 215 207 203 248 86 190 153 45 141 100 38
227 34 191 16 175 35 54 146 70 245 163 245 25 217 136 95 207 43 84 232 4 220 71 211 7 155 187 12 120 2 223 127 158 155 139 22 157 107 149 59 6 33 81 163 140 231 223 146 8 48 53 148 23 20 38 31 69 91 179 92 112 217 124 181 53 47 17 165 9 141 90 62 189 107 227 198 249 61 4 182 168 231 124 161 36 128 87 204 103 211 110 139 83 197 87 186 153 197 69 236 139 157 167 36 98 236 16 237 137 183 17 236 164 34 217 45 217 235 25 125 13 243 171 230 222 196 100 235
183 15 209 149 211 53 128 139 68 82 32 24 135 161 163 204 243 195 228 122 100 135 70 87 74 42 210 175 177 24 6 252 67 216 171 244 241 177 240 52 138 155 40 123 77 25 175 215 180 215 82 1 240 1 216 165 216 42 166 201 43 127 110 4 169 20 205 213 147 59 217 61 79 166 18 227 225 235 32 48 145 50 19 114 29 51 162 174 101 182 32 130 233 194 48 79 120 80 209 98 19 2 177 139 82 130 237 101 132 158 241 215 33 222 60 165 125 45 124 158 12 185 67 137 230 192 39 242
121 106 123 95 42 162 82 163 13 205 3 55 112 85 219 125 34 222 180 146 51 143 15 85 109 196 232 160 83 247 246 193 187 222 97 15 213 87 208 145 53 49 160 11 137 112 156 190 161 60 201 42 172 101 233 77 161 178 120 77 24 97 155 185 19 19 7 43 116 162 229 135 181 236 179 41 142 152 176 67 132 99 108 18 251 28 85 127 128 193 145 123 221 230 251 93 167 140 217 133 115 212 226 26 96 187 159 211 143 130 238 240 61 141 195 205 15 177 189 77 63 128 26 78 50 215 155 113
87 181 191 137 140 91 250 228 16 186 109 157 21 104 129 37 34 238 194 55 86 67 92 120 50 31 175 136 98 12 1 148 43 176 29 141 188 30 34 231 206 63 117 139 93 151 114 43 214 231 182 51 126 41 94 84 16 21 135 143 62 230 227 78 251 107 221 57 81 193 135 76 44 101 133 125 38 12 201 82 113 78 207 151 90 152 233 204 230 184 99 64 80 77 12 54 5 112 119 86 189 131 140 194 243 3 24 176 135 165 115 122 168 139 43 47 48 158 170 217 41 213 8 90 115 178 51 156
135 59 246 250 238 41 151 117 101 141 112 83 183 7 200 28 148 56 111 75 63 55 103 212 112 214 31 175 14 135 131 126 93 163 45 107 42 177 233 135 84 23 243 126 200 220 5 28 243 248 154 187 213 159 215 200 152 113 132 109 17 91 53 169 205 185 22 222 21 75 135 226 5 157 192 26 232 71 252 237 228 188 7 204 3 3 186 231 191 193 179 194 197 109 169 132 47 93 71 244 202 240 120 249 77 191 237 24 176 102 17 253 37 255 21 213 101 39 211 138 38 232 96 139 15 51 21 53
27 117 192 43 168 214 96 196 75 33 239 244 247 79 184 66 112 167 54 103 246 238 170 103 149 224 206 140 207 120 243 100 89 193 240 40 58 227 140 147 165 125 187 223 96 71 114 5 196 45 228 37 116 86 42 57 131 15 94 248 101 136 49 233 151 143 225 253 23 18 230 175 161 199 172 184 217 146 103 122 89 19 50 50 165 154 172 254 173 222 48 83 120 220 81 38 187 130 121 51 94 202 89 25 76 210 77 171 157 166 196 233 121 17 148 22 184 89 255 49 106 148 71 34 237 70 83 87
218 154 122 199 225 205 31 187 104 153 131 73 102 162 4 206 59 135 23 161 41 28 112 100 163 135 6 205 163 118 49 71 253 55 20 161 173 69 232 171 125 252 76 42 65 52 213 190 48 33 233 113 85 190 48 133 224 25 247 53 215 39 187 183 64 178 237 23 217 168 207 25 90 188 48 51 100 255 76 190 187 124 241 31 124 61 221 55 185 206 87 53 11 52 109 197 3 196 250 14 248 103 211 251 43 206 10 36 53 221 31 97 171 41 133 225 7 164 66 178 206 199 147 213 107 213 135 57
156 27 14 8 240 150 65 141 177 80 149 161 230 214 46 151 38 195 56 12 154 103 163 192 42 220 205 196 67 112 133 109 76 82 50 143 194 183 253 15 9 47 158 203 230 155 218 239 202 121 186 176 20 149 159 223 14 90 143 34 239 47 1 253 137 145 31 120 192 33 117 73 178 148 193 114 181 54 187 103 202 124 217 128 178 148 231 124 16 193 252 194 85 228 63 102 165 59 40 250 31 103 96 196 163 137 191 194 240 31 135 147 168 70 86 153 101 221 44 14 35 130 167 136 95 211 150 130
86 61 11 181 17 161 56 103 223 67 28 240 228 84 87 195 151 115 179 124 200 10 63 95 126 243 219 70 253 27 165 123 14 129 193 11 156 103 135 170 232 72 181 132 175 60 46 151 133 227 27 52 32 73 204 165 45 231 217 77 49 165 242 94 141 203 171 190 113 157 28 254 104 199 188 217 100 216 215 204 159 147 166 3 107 125 207 10 17 117 13 124 243 221 135 4 82 148 128 69 113 7 73 196 156 202 9 13 209 83 209 109 29 219 123 238 46 76 92 75 39 215 57 85 35 149 160 75
108 218 160 144 111 65 219 220 27 123 108 138 188 71 102 215 194 210 98 127 25 200 86 220 155 184 91 180 129 177 144 28 106 235 208 235 157 97 7 7 76 215 242 233 56 249 240 133 208 226 110 9 219 95 142 172 65 252 181 29 91 67 201 157 63 126 186 155 193 131 56 0 1 242 155 194 117 211 194 118 197 94 56 58 49 250 176 247 88 232 49 138 227 226 129 59 202 178 197 173 148 70 233 95 249 174 12 141 245 245 236 238 164 249 123 153 238 104 135 146 97 2 43 79 106 178 226 203
181 13 27 31 192 253 235 117 10 6 148 202 3 127 63 13 133 212 216 136 83 23 150 217 235 110 97 63 133 247 24 113 101 121 176 235 113 200 92 214 65 12 193 178 212 29 137 21 41 74 200 253 104 81 19 145 155 219 143 3 44 162 149 199 125 36 203 169 198 96 112 67 132 59 236 74 155 92 141 31 152 121 105 51 213 246 83 109 111 188 161 69 179 244 178 34 176 83 103 99 71 26 134 248 109 237 91 181 7 225 173 117 207 8 42 214 234 215 75 185 223 117 143 201 76 219 130 44
80 18 245 157 237 120 201 61 138 190 218 119 54 163 180 192 98 143 55 152 50 236 89 148 123 144 45 173 124 134 66 247 22 111 165 147 245 231 138 11 86 47 158 75 22 41 86 108 88 245 183 111 30 14 219 118 3 147 229 33 161 193 151 164 84 125 197 245 62 92 153 146 217 94 135 23 186 32 169 148 126 48 171 56 80 85 204 206 133 120 7 214 205 211 164 82 75 171 40 24 127 205 107 202 120 147 227 247 96 78 194 217 225 165 208 66 243 146 27 212 55 235 22 42 126 49 255 181
29 21 224 155 71 223 80 100 244 48 255 59 15 79 159 4 128 158 63 143 238 223 147 110 125 211 253 107 178 145 217 47 100 215 155 22 104 116 69 204 75 224 226 179 85 39 127 160 8 97 84 93 137 211 253 145 53 81 238 190 37 235 79 90 61 61 24 98 40 103 188 101 164 212 199 204 59 131 50 223 87 249 171 146 125 221 113 212 215 29 103 84 250 216 40 209 245 143 37 240 104 78 193 93 221 231 77 69 53 15 163 18 246 240 88 43 255 251 61 245 235 149 32 235 144 94 224 124
243 1 103 132 95 71 0 82 72 103 214 167 174 214 250 247 61 208 158 236 167 152 227 228 105 129 208 16 26 179 244 131 53 197 147 79 120 135 210 173 76 101 252 197 236 206 114 57 51 111 254 32 61 112 89 113 223 87 145 29 199 234 142 167 65 31 196 8 9 82 175 74 113 115 82 122 197 2 196 54 117 22 176 59 24 116 113 142 139 34 201 163 150 58 49 33 92 250 197 243 53 246 20 145 241 217 132 38 208 153 183 193 114 60 231 66 213 158 3 71 218 234 138 175 137 141 247 99
120 129 19 1 14 10 100 134 139 119 135 153 129 236 32 12 99 167 166 229 147 198 241 247 109 151 220 1 93 205 248 203 101 212 204 194 161 196 141 6 152 89 201 57 29 86 64 181 176 9 239 205 95 47 131 15 56 114 221 151 161 96 167 217 210 132 112 115 228 23 76 182 155 188 41 127 212 117 53 111 49 94 239 5 211 36 117 5 131 100 10 86 136 127 91 11 227 102 98 108 229 189 119 201 35 217 53 9 151 172 210 186 134 7 195 29 179 149 215 57 156 155 86 80 48 46 137 205
201 224 29 249 14 166 198 215 134 227 208 148 138 151 107 16 122 60 165 4 211 16 21 77 76 186 82 31 202 103 109 23 33 191 54 235 38 163 2 71 98 57 50 136 220 53 207 63 110 2 199 74 55 151 137 165 153 81 239 208 232 121 117 129 202 100 81 178 221 198 51 167 42 132 89 8 74 140 175 116 16 9 124 90 149 44 207 166 53 75 0 202 119 207 112 172 27 113 119 146 64 231 63 91 88 182 238 153 157 45 244 246 227 226 143 128 15 131 118 242 102 5 115 117 137 233 104 239
239 219 100 120 196 204 103 179 167 203 43 108 152 146 31 63 94 75 171 246 221 203 53 59 22 225 49 243 172 103 47 194 72 96 181 244 199 228 182 15 69 107 3 12 80 185 28 149 37 31 161 117 217 189 10 254 221 171 115 182 105 125 180 70 40 39 252 145 164 176 215 204 215 211 94 123 131 53 71 90 9 165 213 140 219 29 231 228 194 188 112 157 217 87 129 156 20 242 57 237 73 187 137 93 173 195 75 246 126 212 84 43 151 159 33 21 115 117 64 11 20 98 32 136 215 97 147 236
195 179 116 154 20 7 134 215 186 250 114 207 1 248 166 188 243 24 139 244 17 49 176 4 74 59 248 91 109 169 95 183 228 87 18 81 0 113 8 229 200 26 54 201 139 63 174 84 89 228 29 229 35 203 57 125 175 86 98 211 33 155 80 208 241 178 163 18 77 243 226 62 165 134 80 242 121 50 48 31 184 128 17 50 179 66 81 107 194 98 157 117 164 238 225 103 81 126 220 245 109 189 92 190 60 57 179 169 246 16 103 50 73 26 219 63 42 66 114 115 93 77 179 135 144 37 251 237
114 174 116 2 211 111 239 69 29 100 72 240 211 55 54 241 155 126 225 111 181 23 96 81 149 65 192 75 89 32 156 238 97 92 57 186 124 213 169 221 49 226 152 173 184 65 139 233 35 35 151 219 100 34 197 135 69 92 99 169 126 40 48 195 132 147 108 2 187 156 197 63 48 49 65 235 205 6 43 253 55 108 233 5 115 20 2 170 128 235 175 243 255 178 158 128 157 77 115 157 255 17 29 157 95 144 58 94 162 87 251 1 231 53 95 137 140 91 138 116 144 234 253 29 69 136 145 213
114 142 242 183 22 131 140 136 18 127 63 40 2 204 177 20 75 240 61 77 188 238 98 7 222 159 85 155 141 183 162 107 86 247 6 227 174 169 78 4 160 85 231 79 254 54 83 158 139 59 237 137 113 65 39 252 124 21 133 237 86 172 233 210 193 110 191 23 26 168 233 220 22 168 243 48 80 221 12 102 133 0 151 214 221 163 60 98 163 211 56 128 119 117 227 26 72 27 155 191 144 126 218 217 153 117 152 42 243 114 3 140 231 155 182 218 14 185 103 245 85 29 208 99 215 55 88 44
84 40 143 43 95 231 87 180 16 230 223 111 206 55 35 222 29 3 77 235 58 113 201 87 116 23 67 174 136 12 5 252 35 72 170 171 85 175 167 120 248 81 36 77 1 203 197 249 29 233 70 30 181 11 23 210 245 93 240 170 104 7 124 93 100 108 7 204 115 131 42 215 239 49 163 98 181 205 57 164 255 221 7 180 170 64 88 169 29 95 93 200 160 182 113 189 21 207 133 181 133 247 115 154 198 248 80 75 239 195 229 181 187 53 0 171 248 230 96 180 27 97 95 20 71 191 200 98
32 39 118 103 230 62 202 7 101 64 110 76 127 56 83 228 121 193 48 248 250 131 220 115 69 13 107 63 144 71 178 213 84 29 20 229 100 198 186 185 227 207 158 72 149 88 1 121 39 159 193 189 247 194 54 31 97 247 220 88 185 18 119 26 9 83 114 194 101 234 220 110 61 78 48 163 56 12 17 118 91 66 25 147 78 42 9 169 108 34 61 187 77 70 100 185 105 161 116 182 232 217 111 81 122 228 7 98 189 118 179 55 90 186 154 23 49 77 79 139 8 233 163 57 54 242 196 62
219 103 119 17 89 60 80 52 163 199 70 253 3 150 49 167 93 119 164 97 13 213 8 107 77 172 204 90 129 212 197 206 128 145 41 1 101 238 208 229 128 249 231 229 231 183 203 103 176 178 77 151 105 24 255 25 202 76 176 51 100 175 76 46 251 252 97 95 172 173 141 167 169 238 7 85 155 148 253 69 131 4 154 30 152 151 99 27 155 254 58 52 149 157 79 49 155 137 101 49 39 180 98 194 62 199 243 101 123 85 39 185 28 27 30 152 112 70 81 141 97 112 37 209 182 118 94 23
230 131 232 156 250 71 179 224 202 156 125 196 227 48 165 173 204 34 114 175 82 23 93 31 57 207 206 139 230 43 170 31 250 121 170 224 164 85 255 159 206 170 127 114 255 127 17 205 41 145 63 40 16 81 245 57 226 52 97 242 133 86 43 103 138 140 89 16 226 132 119 108 16 209 124 242 85 244 95 102 197 219 88 26 207 183 128 148 147 217 175 98 144 47 247 35 8 166 134 153 213 125 188 222 35 66 119 248 191 51 214 226 118 77 219 53 129 177 24 247 255 243 44 128 164 68 119 163
55 163 35 220 232 154 127 31 62 163 251 38 61 123 69 123 30 65 161 91 188 231 215 218 40 120 53 228 95 12 190 135 133 243 107 228 0 41 108 133 29 215 105 29 1 213 162 30 173 11 59 174 225 221 204 142 232 7 60 201 228 8 87 204 15 147 150 243 155 237 191 170 129 85 157 28 67 93 199 196 178 100 224 245 193 167 185 116 12 154 105 205 65 35 65 77 189 171 27 254 206 92 76 139 7 103 137 213 195 213 96 203 60 234 160 0 191 1 203 252 235 107 252 170 108 199 166 87
50 162 2 159 105 168 246 156 75 248 59 180 161 49 80 236 42 139 160 203 189 241 183 231 124 87 178 57 72 105 32 197 192 210 254 9 59 31 206 252 241 204 5 45 235 211 41 221 159 46 10 139 1 51 104 160 97 114 43 98 165 147 2 6 5 46 104 170 193 106 176 199 152 24 113 90 131 34 33 27 58 146 117 189 180 150 217 239 41 78 172 221 229 133 204 14 212 121 235 185 254 184 199 210 49 178 139 47 106 82 2 155 5 141 203 111 224 205 11 229 90 214 84 58 163 95 31 253
53 116 56 216 211 87 214 9 203 14 225 159 101 183 168 49 197 137 208 43 65 120 92 6 1 44 49 66 164 141 73 165 185 122 232 93 8 49 3 193 171 235 31 179 28 34 117 199 13 148 123 41 182 240 240 195 132 107 236 58 91 220 253 223 72 233 25 163 197 22 131 13 255 156 177 197 179 52 210 178 208 131 119 131 183 74 54 136 205 173 11 133 247 65 13 197 239 24 74 230 90 87 171 73 111 245 47 201 76 219 18 188 208 66 133 29 29 152 217 237 218 94 10 247 246 227 228 208
66 239 199 56 210 172 9 20 155 208 77 109 124 86 130 23 38 207 133 163 37 7 186 75 214 63 238 251 70 169 70 28 232 53 23 47 222 94 75 198 147 99 245 113 193 65 55 84 164 45 197 101 110 252 185 18 41 126 119 151 122 48 169 164 174 32 59 40 80 229 204 254 5 8 39 86 237 243 84 242 251 123 72 232 111 157 219 106 24 35 83 135 192 46 242 217 81 69 96 18 115 82 235 196 151 75 214 10 158 193 207 53 13 165 64 171 103 15 224 116 180 32 31 27 47 255 143 228
32 174 255 79 174 143 51 206 61 51 29 235 194 81 185 255 132 215 235 70 40 164 69 172 123 48 242 163 213 55 79 80 104 65 244 61 121 67 141 225 133 129 30 254 197 171 223 74 45 253 72 242 168 39 60 213 36 132 199 204 171 3 162 207 135 105 155 50 109 61 1 244 167 157 39 20 218 40 8 129 197 47 149 160 88 158 33 29 205 183 189 37 85 223 67 34 150 0 72 235 223 139 13 117 139 85 96 107 224 110 224 108 195 65 215 164 175 183 16 114 248 231 22 167 158 38 26 151
13 48 62 172 87 88 67 100 137 129 16 224 218 83 68 99 213 85 67 175 168 135 18 125 220 85 44 133 220 62 2 185 147 47 62 112 109 64 41 1 111 103 113 221 167 154 222 23 1 79 244 168 233 210 191 234 33 179 146 10 133 82 244 166 5 134 176 139 216 164 49 222 43 226 105 3 134 154 225 177 124 74 181 3 229 150 180 97 225 105 100 198 0 25 39 225 130 140 167 130 165 206 99 39 90 10 170 255 217 13 39 51 24 209 51 241 222 90 36 246 43 87 231 9 177 12 0 220
99 231 230 21 243 230 241 87 205 215 108 193 189 93 24 139 53 132 76 242 225 100 125 22 232 201 9 201 45 134 224 21 80 233 223 125 111 191 147 191 168 114 61 23 49 208 215 217 66 20 240 115 228 199 76 38 219 60 153 191 4 229 229 223 33 126 159 37 99 132 5 133 3 164 170 102 40 175 235 43 83 150 146 124 69 125 167 153 19 57 21 89 183 188 242 202 246 7 35 173 195 21 119 185 28 155 102 224 176 222 153 205 121 0 173 41 222 70 246 87 70 163 128 36 234 119 123 48
26 252 85 4 115 208 53 141 204 138 146 63 90 199 205 39 81 95 102 171 38 51 210 119 146 57 34 184 108 245 47 255 46 82 183 154 71 231 153 117 57 81 15 128 56 169 245 113 250 4 241 50 173 230 163 167 234 148 217 152 122 124 63 100 16 25 252 138 149 60 239 166 85 235 48 234 39 31 144 124 11 193 103 50 224 247 175 235 184 22 30 153 13 205 132 198 227 162 95 240 111 227 182 82 134 21 67 245 249 249 72 127 15 139 116 8 132 188 135 147 71 251 155 204 184 34 95 255
30 251 203 214 29 43 213 59 38 161 17 67 204 231 127 242 136 144 53 84 119 180 70 255 69 123 83 188 48 153 188 117 21 15 49 69 169 237 186 190 253 235 3 166 217 189 100 214 168 103 124 129 36 224 87 204 71 211 78 107 179 165 55 250 121 133 101 44 43 157 39 164 34 140 208 77 41 247 241 76 132 194 153 173 185 139 249 61 77 147 235 6 30 228 68 107 119 47 113 149 19 181 0 139 228 114 32 248 39 33 131 12 147 163 4 186 196 135 198 87 42 202 18 239 81 216 70 124
163 88 107 244 49 177 112 212 10 219 200 59 141 57 15 151 20 215 210 161 16 225 56 37 184 10 198 201 235 255 238 164 9 180 109 245 179 91 153 189 15 6 178 195 97 75 128 112 81 50 51 178 125 179 34 206 229 86 128 98 9 162 48 239 248 176 81 2 83 130 241 75 50 66 77 133 196 62 209 247 129 30 124 69 93 77 60 222 108 185 35 201 6 96 167 114 25 202 59 31 42 226 146 67 173 205 99 215 176 245 27 93 194 126 52 114 115 79 207 53 205 4 168 64 83 119 118 33
123 30 97 207 149 215 240 17 245 81 224 139 41 208 156 30 33 124 169 74 76 69 105 109 193 18 184 13 88 33 123 25 51 51 39 139 84 162 165 135 213 204 19 41 110 184 176 67 132 195 108 242 123 28 53 255 224 161 241 91 189 38 91 157 199 76 249 133 115 84 34 58 160 27 191 19 111 226 78 16 253 13 35 109 239 113 125 237 127 160 90 110 18 215 91 145 119 181 255 137 140 91 26 4 16 26 141 157 117 168 161 133 194 46 34 55 214 195 188 152 242 223 207 200 162 140 97 148
107 48 93 13 188 190 162 39 238 255 53 171 189 215 210 171 214 7 86 147 222 41 62 180 48 149 71 15 190 134 195 238 27 11 253 217 145 193 199 172 204 197 133 93 134 76 9 82 17 142 175 151 218 184 233 236 70 152 131 32 80 109 12 150 5 144 183 86 253 195 236 2 83 163 88 80 103 69 83 186 232 171 11 79 240 94 10 217 9 21 40 250 115 50 211 124 71 251 118 186 46 73 55 117 69 173 48 115 247 103 232 60 20 24 175 11 127 151 71 148 176 246 159 47 142 231 195 62
221 99 109 107 74 49 169 39 148 23 147 222 72 60 5 220 83 152 186 155 213 191 119 40 88 49 196 45 241 59 85 73 109 25 118 94 85 203 167 194 229 29 32 58 232 199 252 205 228 28 7 204 227 3 154 199 31 161 147 2 165 45 201 196 207 93 199 116 138 144 56 89 237 255 205 120 144 6 209 125 5 159 245 149 165 199 19 170 102 8 64 11 207 83 181 53 91 245 64 43 72 246 96 164 235 161 207 52 151 47 216 130 208 167 182 103 214 142 234 167 53 160 14 12 47 248 179 100
153 193 112 200 186 35 44 83 229 157 27 159 192 71 242 165 228 13 68 165 84 54 74 57 67 143 222 152 197 40 209 9 183 175 161 125 215 114 134 143 33 39 12 248 153 146 135 186 185 147 178 82 37 58 12 222 205 190 48 243 248 60 209 198 251 2 185 243 62 138 185 57 140 114 45 203 253 230 4 137 89 49 84 86 24 89 223 113 138 52 199 162 141 166 19 23 218 218 186 103 129 205 127 91 168 57 195 41 6 66 132 174 123 71 215 129 137 92 48 4 163 7 134 45 99 182 49 7
189 183 52 33 109 101 40 43 29 92 76 138 193 116 181 222 208 1 105 145 117 30 112 69 32 217 215 149 247 71 219 23 32 178 173 23 249 136 47 25 58 220 48 51 100 95 76 158 59 124 209 159 220 29 61 23 153 14 183 117 43 244 141 197 3 68 58 46 56 199 243 59 11 46 106 68 245 93 127 1 139 233 69 129 71 196 130 210 174 199 83 245 139 213 199 57 156 27 46 40 240 246 97 141 17 144 181 1 134 22 142 151 166 67 152 44 90 39 195 0 106 92 45 196 131 240 197 237
76 242 178 207 226 119 189 47 105 111 254 75 230 187 122 79 42 121 154 16 52 21 95 95 142 250 111 194 15 207 33 157 201 145 95 216 96 129 117 41 18 212 1 114 85 118 155 103 74 156 217 160 18 116 7 92 16 225 252 34 85 4 127 102 229 123 136 58 127 7 160 100 131 41 159 2 48 63 103 179 104 6 182 153 69 29 76 174 35 2 71 104 31 147 22 66 150 93 171 181 241 193 248 135 31 163 60 16 100 52 151 131 215 211 147 60 8 42 191 223 254 83 27 6 125 219 229 123
46 1 129 171 220 103 39 10 104 168 181 68 15 220 78 119 133 3 187 148 224 9 12 101 13 199 249 237 209 5 82 222 205 75 203 158 81 29 124 30 104 71 188 185 100 56 215 204 127 147 134 227 203 93 175 74 241 53 45 188 147 221 7 132 18 52 64 165 17 71 41 36 124 106 201 141 177 243 177 45 93 123 187 14 110 108 60 203 231 247 217 85 99 21 32 75 12 250 160 112 15 193 187 28 187 91 140 202 28 71 230 215 162 114 162 191 185 136 150 92 251 56 27 180 193 177 16 188
234 43 112 171 221 129 103 199 172 215 114 137 88 217 80 5 176 194 142 9 155 223 14 76 161 156 85 61 123 99 137 29 255 222 90 123 65 227 152 64 193 242 187 2 213 83 66 150 69 254 152 26 81 218 176 151 216 72 177 42 35 98 193 251 170 114 37 205 212 230 201 127 89 238 76 45 213 21 172 46 4 249 91 217 14 8 7 18 1 98 235 15 106 242 34 107 85 13 123 191 0 157 43 85 170 166 20 170 67 63 255 237 229 20 152 40 83 151 22 57 171 174 97 255 69 119 56 241
37 153 240 107 17 40 92 54 193 76 161 210 116 253 9 53 73 170 8 189 168 17 243 241 187 251 175 99 12 162 85 199 157 4 43 169 166 128 112 67 132 155 236 42 27 92 109 159 248 89 201 19 181 54 179 173 143 124 193 69 179 116 242 66 240 179 135 163 39 122 230 24 45 109 187 85 231 161 109 21 15 40 106 246 202 215 11 217 255 117 207 201 76 219 162 76 80 114 21 157 77 184 233 157 42 254 58 119 182 35 20 224 34 79 87 216 114 108 185 148 187 16 109 45 124 38 194 55
54 47 101 179 85 39 234 139 86 79 62 171 118 41 54 204 120 117 119 239 158 174 187 22 35 51 5 193 225 193 215 4 244 221 197 213 158 156 217 146 121 158 103 23 58 64 169 180 222 16 203 24 80 117 204 46 133 152 71 214 13 19 4 146 171 75 104 184 95 109 75 10 184 179 195 23 32 14 34 217 193 229 240 226 243 18 187 180 247 171 150 234 190 81 159 181 253 53 160 187 135 63 112 132 116 16 63 251 79 175 127 196 192 190 191 15 110 63 211 46 253 147 61 107 210 17 153 207
164 215 59 118 232 212 69 140 171 128 2 147 85 71 31 0 200 33 148 29 105 179 29 49 213 177 78 62 101 107 111 58 29 189 120 130 40 231 188 69 164 52 199 204 27 131 18 191 183 217 139 210 93 157 145 20 119 29 231 212 186 120 232 49 149 207 5 80 72 238 129 221 189 135 45 5 117 175 227 50 54 16 56 171 191 27 221 245 43 21 160 235 48 126 224 92 147 129 71 196 255 39 32 146 168 103 86 167 142 118 58 55 221 144 222 108 7 24 163 228 169 129 80 176 154 243 148 67
117 229 243 15 216 135 82 77 108 69 92 69 204 174 146 57 243 239 126 192 157 16 249 145 255 119 81 157 135 74 46 135 193 127 36 72 201 82 207 138 209 243 210 154 69 162 36 22 149 246 176 219 152 212 241 46 203 162 9 99 118 250 145 65 156 154 165 19 149 54 84 49 209 249 68 102 48 153 151 1 146 220 103 194 117 254 195 7 218 42 202 79 41 141 87 3 184 33 83 225 174 170 228 102 203 55 71 121 225 44 224 172 99 39 38 69 83 6 241 183 45 23 252 129 29 237 56 75
5 52 204 34 33 4 109 38 56 57 73 89 61 182 128 117 240 201 207 45 127 79 163 111 24 114 157 151 193 64 7 217 178 164 112 115 228 119 76 150 27 188 9 255 52 85 149 79 17 158 79 69 243 228 149 5 131 228 74 118 200 223 123 75 195 198 194 140 165 61 215 105 3 153 245 169 215 204 18 218 102 7 131 61 211 149 23 57 156 155 118 112 48 142 169 205 41 32 61 89 174 230 38 215 6 99 48 180 74 87 139 80 186 188 5 4 19 144 85 205 76 90 210 95 234 39 45 55
129 255 150 107 38 195 162 167 194 57 18 232 252 181 143 191 238 162 167 234 87 55 169 69 217 81 47 48 136 217 117 97 42 164 145 178 125 6 19 167 170 164 89 40 170 108 207 84 16 41 124 186 149 76 15 166 117 139 96 10 215 111 176 76 251 17 87 210 128 7 31 123 24 118 78 153 125 109 20 150 227 98 47 96 207 67 246 178 166 37 19 117 105 9 40 15 47 59 132 152 68 172 167 115 231 43 11 44 216 178 159 191 222 171 235 182 93 139 117 59 54 97 241 147 236 103 207 34
200 192 181 180 39 132 214 239 69 139 163 108 16 121 92 85 5 255 193 21 121 29 106 126 29 43 147 150 73 253 20 102 40 167 252 113 164 16 215 204 183 211 62 91 227 21 39 154 233 101 245 204 123 29 103 100 130 92 48 253 121 151 97 252 244 146 249 109 41 91 105 29 237 99 139 22 190 244 52 171 87 191 193 21 179 245 192 11 180 130 32 104 119 225 115 44 99 147 148 218 116 7 6 215 154 154 178 15 161 184 230 60 83 152 75 244 81 49 48 164 202 123 152 27 173 201 191 119
68 87 146 241 32 81 104 101 168 250 86 201 75 191 46 244 185 132 189 5 67 235 249 253 111 182 2 179 161 251 176 16 177 178 195 82 173 115 98 94 37 38 176 210 153 18 48 191 56 224 145 210 243 194 145 43 162 34 253 149 228 142 193 135 177 190 28 149 77 221 28 254 156 57 147 233 22 176 231 178 233 122 155 255 42 130 178 19 253 77 19 39 208 197 59 205 18 78 244 226 19 47 175 37 125 164 8 144 211 183 182 81 91 190 225 47 117 151 128 209 85 97 0 203 249 128 156 78
225 156 25 218 28 181 41 253 81 66 216 109 248 1 107 73 67 67 183 59 68 34 133 135 101 60 195 169 94 72 48 195 132 243 108 226 59 156 165 191 144 17 161 203 173 70 139 61 87 44 9 5 115 148 66 202 192 75 207 51 223 18 254 160 93 205 211 61 223 209 221 61 159 176 122 126 130 87 187 33 7 53 159 137 140 91 170 148 144 74 29 29 165 200 177 53 18 206 82 183 150 3 236 168 210 63 95 104 66 76 17 20 139 112 125 205 188 142 226 71 254 95 21 187 237 247 2 235
86 23 166 67 14 169 46 100 192 213 167 207 126 214 51 62 171 219 13 41 177 65 103 92 28 117 133 205 182 236 41 210 97 174 159 23 154 200 233 252 118 136 19 16 80 253 12 198 133 32 215 214 29 227 156 162 3 115 120 32 87 21 195 90 136 59 123 223 80 62 58 217 121 181 184 202 243 242 163 108 167 91 54 154 78 217 7 245 53 61 144 131 23 151 120 76 212 8 207 235 159 71 55 116 80 6 95 239 78 151 99 158 157 195 141 235 90 241 137 247 180 23 227 14 8 108 5 188
131 232 202 139 85 207 71 216 184 17 100 13 225 171 229 153 189 73 166 158 245 139 55 178 213 221 80 202 104 135 124 61 100 204 7 204 83 131 10 183 79 17 131 162 149 141 89 228 159 221 135 52 106 224 24 9 189 159 61 40 128 86 49 61 245 111 101 117 197 151 179 186 6 24 48 203 175 227 133 181 251 181 128 171 152 6 96 148 187 225 63 84 231 159 232 162 128 39 246 103 198 222 10 71 5 0 174 204 223 184 19 228 185 193 176 152 122 195 124 51 133 45 203 255 240 71 50 117
116 253 116 101 68 166 218 185 163 79 30 232 245 248 161 153 71 191 129 61 183 34 214 255 225 87 60 152 121 18 151 90 105 211 242 226 229 138 60 78 93 46 48 67 184 108 145 22 155 194 89 83 46 234 105 201 172 194 29 219 173 134 164 89 73 193 52 246 72 217 79 145 154 132 135 226 93 214 115 247 90 250 218 183 209 77 175 43 72 137 227 25 214 146 68 30 27 39 55 241 185 124 16 212 163 71 198 93 195 214 49 103 29 247 196 225 205 245 72 235 237 12 204 186 1 20 165 238
32 113 169 33 133 78 16 165 192 185 199 69 7 215 235 199 144 178 13 151 137 248 95 25 170 108 176 51 100 15 76 14 123 252 65 223 12 141 237 135 137 46 103 149 187 84 29 69 131 132 218 62 216 247 131 91 123 94 154 84 85 29 175 209 123 73 37 209 103 212 162 226 30 199 179 133 155 85 103 185 28 27 62 184 112 166 113 141 193 176 69 49 86 182 190 23 102 3 72 188 186 7 211 32 10 28 221 196 35 176 229 45 204 194 242 239 114 215 29 63 153 15 46 11 230 75 74 127
90 121 138 64 196 213 191 31 78 74 95 18 31 31 49 109 105 145 127 136 176 177 245 25 66 116 161 242 37 150 11 103 10 172 89 48 66 100 151 76 16 241 124 82 85 20 159 102 5 27 184 90 47 87 192 52 115 121 143 162 208 79 215 67 200 102 230 153 181 189 220 126 35 194 23 216 127 243 86 162 182 109 123 53 97 209 216 23 63 83 76 160 36 36 183 99 119 3 3 156 40 186 255 159 190 3 59 230 189 59 133 123 62 193 97 251 252 231 119 58 168 216 53 164 191 172 222 103
133 19 11 68 192 233 172 69 253 183 137 189 161 53 2 158 237 139 91 142 193 93 44 174 232 135 60 169 228 104 87 204 239 147 118 211 251 205 159 234 97 21 189 92 227 93 71 68 114 4 160 85 97 231 153 212 236 58 41 77 33 195 33 13 253 75 91 30 14 124 44 11 199 135 41 213 3 85 224 203 220 10 160 224 95 129 171 60 139 75 28 234 204 199 38 87 18 66 66 223 9 104 54 28 171 120 251 180 225 49 208 140 170 203 64 139 253 17 23 167 220 87 50 217 104 73 128 69
160 178 30 9 251 159 78 156 81 108 165 77 11 243 233 93 95 142 170 107 129 147 200 224 33 114 75 162 5 19 130 38 133 206 200 138 225 74 176 103 24 120 241 250 195 162 97 219 26 82 213 221 244 54 185 15 137 142 236 125 197 165 140 78 52 121 203 249 30 88 71 82 209 18 75 239 106 146 66 59 165 141 43 15 32 109 75 197 250 118 212 26 227 31 223 221 149 180 248 120 211 215 86 105 139 78 225 95 37 55 200 177 133 169 16 171 225 216 92 102 129 108 17 98 68 109 201 197
217 218 40 29 72 241 227 33 203 11 63 19 252 34 53 199 45 116 219 41 150 16 240 195 132 203 236 26 219 220 221 95 168 201 121 131 165 86 227 77 31 92 209 197 179 180 18 210 16 227 151 195 151 170 150 168 141 45 107 37 215 1 205 101 47 56 138 6 58 87 107 105 143 245 111 201 76 219 50 220 208 162 165 29 125 216 249 77 122 158 106 247 118 99 68 240 2 175 231 120 18 44 105 20 219 80 141 237 124 246 2 87 70 143 69 195 133 71 26 203 214 95 142 91 166 169 38 124
8 181 215 175 94 254 43 102 179 3 21 17 1 65 119 180 68 141 197 69 206 60 249 18 201 190 87 151 250 80 169 196 14 0 91 8 80 5 204 94 5 40 103 86 45 51 180 50 91 27 136 136 79 61 187 170 88 67 51 167 128 238 82 217 49 133 128 178 115 210 139 164 87 11 86 202 222 225 111 53 237 197 0 203 167 111 0 148 52 0 95 219 111 95 111 164 96 206 127 207 46 239 115 142 189 243 93 235 226 209 121 159 196 215 139 166 168 4 69 108 219 208 18 131 213 87 239 176
40 1 52 253 89 35 173 129 37 225 126 126 5 43 255 42 13 125 168 18 168 167 60 181 36 228 199 204 139 3 130 175 231 73 123 114 77 253 33 52 71 157 167 148 154 200 200 225 101 111 117 0 56 62 225 157 173 87 157 229 149 127 131 66 214 32 40 107 159 171 173 117 203 213 224 107 128 142 224 76 99 193 183 228 79 151 48 178 88 231 150 167 126 198 90 215 173 240 126 44 183 216 3 100 201 129 144 128 90 147 228 35 21 117 163 111 8 135 146 29 252 53 140 5 188 30 34 185
83 175 190 16 205 224 201 33 143 135 49 93 103 250 126 247 129 175 84 232 169 210 223 42 129 51 18 42 5 242 84 134 37 102 176 43 88 4 177 126 107 98 169 195 102 90 65 209 188 234 149 35 69 214 244 1 193 137 36 6 96 25 7 33 162 44 39 2 69 46 35 231 90 74 234 159 121 13 135 211 88 113 115 209 126 250 164 214 107 23 167 233 17 76 192 124 99 103 102 117 179 38 241 23 141 87 140 65 125 125 88 11 213 228 76 82 97 164 93 54 136 169 137 233 77 230 32 213
144 169 191 221 143 223 179 31 136 114 253 23 81 176 55 217 34 52 240 115 228 39 76 6 91 60 121 63 100 197 69 191 1 190 255 101 131 68 37 133 3 36 234 134 104 15 11 107 51 246 242 156 5 253 7 57 243 249 213 249 247 220 50 234 214 7 227 205 227 21 183 185 28 155 134 0 176 62 185 205 217 64 205 137 126 134 86 87 198 35 224 68 170 55 155 112 90 124 181 4 179 80 117 13 204 42 18 127 122 135 141 71 177 159 198 43 38 83 114 215 242 57 2 24 140 117 239 127
174 242 151 58 103 135 185 21 121 81 79 224 216 9 245 81 90 68 49 50 77 38 131 167 106 180 217 184 218 92 95 68 16 57 252 234 149 92 47 166 149 43 144 42 135 191 208 28 235 97 71 114 32 23 143 11 120 214 126 153 237 13 164 102 227 34 255 208 47 163 54 18 198 53 227 245 217 25 8 159 79 235 148 40 4 156 199 83 135 91 123 140 248 66 223 127 158 91 11 150 157 235 21 59 70 33 209 227 12 231 31 82 8 240 53 20 215 84 102 223 69 155 243 28 240 89 252 53
245 239 81 229 73 77 26 62 61 107 35 134 185 61 196 246 168 231 124 97 36 64 87 204 39 211 46 75 19 133 23 58 89 69 133 108 203 157 167 36 226 44 144 173 201 55 209 172 100 98 89 45 153 43 217 253 141 51 43 38 94 4 36 235 55 79 17 149 83 53 128 139 132 146 32 216 199 161 99 76 51 131 36 250 36 135 70 87 10 106 82 47 241 152 134 252 3 216 43 244 113 177 240 116 138 27 104 251 205 89 111 87 116 215 82 65 48 193 152 165 152 234 230 201 171 127 110 68
105 84 13 21 211 123 89 61 207 102 82 163 225 171 224 176 17 50 83 242 221 51 162 238 101 246 224 66 41 130 48 143 120 16 209 162 147 2 49 11 18 2 173 165 4 222 177 23 225 94 188 229 61 109 252 30 204 185 3 9 38 0 39 242 185 42 251 223 42 34 210 227 77 205 195 119 240 149 91 61 98 30 180 82 179 15 143 21 45 68 104 224 83 247 246 129 59 94 97 143 85 87 16 145 181 113 32 11 201 48 156 126 161 188 137 106 236 37 233 141 225 114 248 205 152 225 91 121
83 83 71 235 52 162 101 135 245 172 115 41 78 216 176 67 132 35 108 210 251 28 21 127 64 129 81 59 157 102 187 221 231 12 25 133 115 212 98 90 224 123 223 83 79 66 174 48 189 141 131 13 207 49 61 141 191 192 154 142 242 215 27 177 151 181 63 137 140 91 58 36 16 122 173 157 213 232 193 229 98 110 130 55 86 67 28 184 178 159 239 8 226 12 193 148 171 176 157 141 188 94 34 103 14 191 245 203 29 23 50 43 214 39 246 243 62 41 30 20 80 21 7 143 62 38 163 142
59 171 29 121 209 193 7 12 108 37 133 61 230 140 73 82 177 206 143 151 90 216 233 12 166 120 163 0 80 141 12 246 5 176 247 86 61 3 76 66 179 67 152 240 71 229 51 250 40 203 235 111 176 30 106 217 233 85 72 154 115 178 115 92 7 187 246 122 110 105 215 117 37 205 240 147 55 199 8 92 148 248 239 203 191 247 39 84 240 22 31 175 14 71 3 254 93 35 173 107 106 177 105 199 212 23 51 62 200 156 5 156 179 56 218 123 213 223 23 136 24 241 4 237 209 27 117 233
13 121 214 222 149 75 199 162 197 157 128 90 232 71 252 173 228 124 7 204 195 3 122 167 127 129 115 66 133 237 233 4 111 93 71 244 74 48 248 185 141 63 173 216 112 166 145 253 229 63 213 85 229 103 83 202 166 40 32 139 143 115 85 53 155 117 192 43 232 22 96 132 139 33 175 116 55 15 248 194 48 167 54 103 182 46 42 231 213 96 78 140 143 120 115 100 217 193 240 104 58 99 204 19 37 189 123 95 32 71 114 69 4 237 164 37 52 22 106 57 3 15 94 56 37 200 113 41
215 207 97 253 151 210 38 111 161 135 108 56 89 146 167 250 25 19 50 114 165 218 108 190 237 158 48 147 120 156 81 102 59 130 249 179 30 74 25 89 204 18 13 235 93 38 68 41 57 81 20 150 120 89 191 177 170 212 71 34 45 6 211 215 218 26 250 7 33 205 223 251 232 217 3 9 166 226 4 142 187 7 151 97 233 156 240 164 163 135 6 141 35 246 49 199 125 55 84 161 45 133 104 171 189 188 76 234 65 180 149 254 112 225 233 177 149 126 176 5 96 153 183 245 23 103 251 119
0 178 109 23 25 104 143 25 26 252 48 51 100 191 76 126 187 124 177 31 60 253 157 247 121 78 23 181 75 180 173 197 3 196 122 78 120 39 19 123 235 142 202 100 181 221 223 161 107 169 5 33 135 228 194 242 142 199 19 21 171 213 7 57 156 27 78 72 240 86 129 141 113 208 213 97 38 86 238 151 38 195 248 76 26 231 227 64 170 220 141 196 195 112 5 109 76 146 50 15 2 55 125 79 201 175 94 203 230 219 26 175 138 121 122 112 84 149 31 223 14 154 79 98 47 111 65 61
9 145 159 56 0 225 117 9 114 20 65 114 245 182 123 103 202 188 217 192 114 84 39 60 16 1 252 130 85 36 191 102 37 187 232 122 223 167 224 4 99 201 127 66 112 95 71 211 40 198 22 153 37 93 108 78 35 130 231 72 223 83 150 2 214 125 75 181 209 225 184 167 95 3 92 48 228 20 215 67 23 51 115 252 72 74 63 95 126 179 91 198 253 155 37 123 78 129 65 75 28 103 199 106 232 8 181 4 111 124 110 87 133 35 91 244 160 201 76 37 237 167 25 141 113 101 178 94
13 203 235 126 49 157 220 62 104 199 188 153 100 152 215 204 95 147 102 195 43 61 143 138 209 245 77 252 51 221 135 4 210 212 0 5 177 135 9 132 92 10 137 13 145 147 145 237 157 27 251 46 174 140 28 75 167 23 121 85 163 149 160 75 172 26 160 80 175 65 155 92 91 59 172 10 124 71 102 215 130 18 226 255 89 72 214 220 91 184 219 180 1 177 144 92 106 107 16 107 29 161 199 135 12 215 242 41 120 185 176 133 144 162 174 9 91 95 142 236 1 60 245 93 155 131 73 157
191 62 250 91 193 67 248 128 129 242 219 66 53 211 194 182 197 158 248 250 113 186 176 55 88 168 49 202 99 226 1 187 138 50 133 237 20 134 169 159 185 46 140 205 181 53 108 110 100 249 59 25 46 168 135 146 161 194 171 207 106 50 98 11 245 13 219 95 64 61 107 53 74 70 148 138 131 255 191 205 69 84 88 200 83 23 150 153 107 238 97 191 5 247 88 113 229 185 48 235 177 136 92 150 65 140 129 242 20 221 137 85 105 10 72 125 232 209 211 81 219 27 207 195 236 162 21 199
189 228 139 169 134 160 112 67 132 251 236 10 155 92 77 31 88 57 41 243 149 118 19 237 175 60 225 69 179 244 50 98 48 19 167 227 7 218 70 56 237 237 27 245 199 97 45 181 79 72 170 22 170 215 203 249 31 117 15 201 76 219 194 108 80 210 53 157 173 248 9 253 202 62 154 119 54 163 116 0 226 15 119 24 178 236 25 148 251 144 173 173 124 198 66 119 86 239 37 211 181 103 74 11 86 111 222 11 214 41 22 44 152 245 55 111 30 78 155 182 67 211 37 97 33 193 23 100
148 61 197 181 254 220 25 146 25 222 71 23 186 96 169 212 62 240 235 248 80 149 204 142 133 184 135 214 77 83 100 210 11 235 168 88 63 13 43 74 248 211 163 55 224 206 130 217 161 37 16 130 243 146 91 148 183 107 22 170 254 113 63 181 221 85 96 219 199 159 144 164 244 240 127 187 143 15 95 132 0 222 63 143 238 159 19 238 125 83 125 107 242 145 89 111 228 215 219 214 104 52 69 76 11 32 34 115 85 103 191 96 136 225 212 221 73 147 61 209 117 17 174 190 165 235 143 26
253 61 216 162 40 103 188 37 164 148 199 204 251 131 242 159 23 185 107 18 61 93 177 84 23 29 103 84 122 24 168 145 53 15 229 176 40 142 65 93 157 39 13 197 181 79 35 82 118 48 24 43 127 59 125 245 107 149 32 235 208 158 224 60 51 1 39 4 159 7 64 210 8 103 214 167 110 22 122 119 125 80 30 236 103 152 99 228 233 129 208 80 26 51 52 3 181 5 83 207 56 135 210 237 140 37 188 197 172 142 178 57 179 111 254 96 253 176 153 177 31 151 17 29 71 170 206 103
65 223 132 136 137 82 239 202 49 115 82 186 197 66 132 246 181 214 176 123 24 52 113 206 11 34 73 35 86 186 241 97 220 58 133 51 245 118 148 209 177 25 4 166 144 153 119 65 178 124 231 66 21 94 131 199 218 106 10 239 201 141 183 163 248 193 147 193 78 74 100 70 11 247 7 89 65 108 160 76 99 167 166 165 19 70 241 119 237 151 28 1 221 13 120 203 165 148 204 130 161 68 77 70 216 25 201 121 93 22 192 53 48 137 175 141 159 111 195 207 248 114 93 151 225 32 103 217
146 196 112 115 228 215 76 118 155 188 233 127 148 53 245 47 241 222 175 133 19 164 181 5 131 100 138 150 8 63 155 139 163 38 34 172 101 189 55 9 227 89 181 73 23 236 82 250 70 7 67 93 243 149 87 57 156 155 150 144 48 238 201 205 137 96 93 185 78 38 134 215 134 227 144 212 10 23 171 144 250 60 101 4 83 16 149 77 76 250 82 159 10 231 237 87 225 63 246 235 38 227 66 7 34 57 242 72 28 53 79 63 110 66 135 138 119 215 201 229 25 81 111 144 40 57 117 65
138 228 209 178 29 70 243 167 42 196 89 72 10 76 239 52 16 73 124 26 149 108 79 166 181 203 192 74 55 15 240 236 219 177 55 18 192 39 255 155 216 54 174 153 93 173 52 54 227 226 207 64 143 3 118 114 230 69 179 117 73 41 232 47 111 155 164 184 196 140 231 51 39 139 235 236 24 210 31 63 94 11 43 118 221 75 181 59 86 225 177 51 44 103 111 130 72 32 181 116 135 36 246 207 69 171 67 204 208 57 156 21 229 223 225 181 25 125 202 254 93 171 179 118 41 125 116 134
40 39 252 81 164 112 215 204 151 211 30 59 67 245 7 218 201 37 21 12 27 29 231 228 66 252 240 93 25 215 65 92 212 50 185 237 9 251 73 221 45 3 203 54 254 20 20 43 23 223 97 21 243 117 64 11 84 162 32 72 23 97 83 108 3 115 180 26 212 7 134 215 122 58 242 79 65 120 38 188 179 24 11 244 145 49 176 68 74 187 56 219 237 233 31 55 164 87 18 145 64 49 200 229 136 218 118 201 11 63 174 148 25 36 93 37 99 11 185 125 47 22 162 147 33 91 16 80
113 178 227 146 13 243 226 126 165 198 16 178 185 242 48 95 184 64 17 114 51 66 209 235 130 226 93 181 36 46 161 167 17 254 92 53 45 253 220 62 252 57 115 41 54 80 103 50 137 218 91 191 42 194 242 179 157 77 115 199 16 101 123 173 178 238 116 194 83 239 111 5 221 228 200 48 211 55 54 177 27 254 225 239 53 23 160 81 21 129 64 75 153 224 156 174 97 220 249 250 188 149 169 29 113 162 24 45 56 193 75 169 99 99 215 155 36 34 69 135 133 28 35 169 62 104 48 195
132 83 108 194 187 156 133 63 240 241 1 171 141 134 235 125 119 236 41 5 115 20 130 234 0 171 239 115 191 114 94 192 29 77 51 221 191 145 157 221 223 208 186 158 98 87 123 65 39 53 223 137 140 91 202 180 144 170 61 29 5 8 209 149 178 14 178 183 22 131 76 200 146 255 127 168 130 204 113 20 203 240 189 77 188 46 98 135 30 31 213 219 77 55 98 107 86 55 70 163 110 169 14 196 224 85 103 79 254 118 19 222 203 123 45 201 241 65 167 188 188 213 133 173 22 44 105 210
1 238 127 23 26 232 233 28 214 104 51 240 80 29 12 38 133 64 23 214 93 35 252 226 99 19 184 192 55 181 163 154 200 91 91 255 16 254 154 217 89 245 216 106 243 114 67 76 103 27 182 90 142 249 167 245 21 93 80 163 87 247 152 108 84 232 15 171 223 167 23 52 144 38 223 111 206 247 163 94 29 131 205 235 122 113 73 151 244 23 131 110 136 204 5 124 227 136 234 107 85 239 231 56 120 209 164 205 193 139 5 57 93 169 6 30 53 11 87 146 181 93 176 234 104 7 124 29
100 44 7 204 51 131 234 151 175 241 99 226 117 77 121 36 63 221 7 180 42 128 216 105 93 223 29 136 96 246 241 189 213 15 69 53 5 55 243 218 70 56 16 75 111 3 37 181 59 53 0 171 56 38 96 116 91 97 31 148 135 127 8 226 224 39 118 103 166 126 74 135 165 192 238 76 63 56 211 228 249 193 48 56 250 3 28 243 197 77 43 191 80 71 178 21 148 221 212 229 36 134 250 185 99 207 158 136 85 152 65 185 103 223 65 189 119 130 118 223 97 183 156 216 57 18 183 154
201 83 114 2 101 42 156 46 125 14 48 227 56 204 17 182 219 66 153 19 14 170 201 233 236 98 253 251 13 198 228 249 41 225 244 54 168 217 47 209 186 36 7 98 253 54 51 183 90 58 26 87 113 77 15 203 136 41 35 249 118 50 196 254 91 231 247 209 25 188 208 116 163 199 70 189 131 22 49 39 221 119 228 97 141 21 136 107 141 108 204 26 129 84 133 14 192 81 41 65 165 174 80 101 0 121 167 165 39 247 11 39 112 178 205 151 169 216 191 25 138 140 176 51 100 111 76 238
251 252 33 95 108 109 77 103 105 110 199 213 219 20 61 69 131 4 26 94 24 87 163 155 91 190 250 116 21 157 15 113 91 9 229 113 167 244 226 2 254 199 115 165 187 85 167 185 28 27 94 216 112 6 145 141 33 240 101 145 246 246 30 23 230 131 168 220 122 199 243 96 74 156 61 196 99 48 37 173 204 98 114 47 146 151 221 95 249 79 142 139 230 107 234 223 186 121 106 160 228 85 127 159 206 234 63 178 63 191 81 13 169 145 191 232 80 17 245 249 162 180 225 242 197 214 235 103
138 204 89 80 162 68 183 44 16 17 124 178 85 52 223 102 69 91 24 154 143 247 0 212 83 25 111 226 16 111 183 99 136 38 70 153 149 253 252 30 35 66 183 184 63 179 214 98 246 141 27 53 65 241 152 55 127 179 108 192 164 4 247 35 183 99 227 92 104 218 127 31 62 99 123 166 61 251 197 123 94 65 33 155 60 231 23 154 40 56 53 100 31 76 254 71 133 51 171 164 128 169 236 5 221 151 169 93 65 149 98 30 45 11 123 110 161 221 140 206 232 7 60 137 228 200 87 204
207 147 86 179 91 173 127 42 65 213 221 156 131 93 199 196 50 164 96 181 1 39 121 52 204 218 233 205 1 99 1 205 61 235 155 62 78 156 12 139 135 167 201 213 67 213 96 203 124 42 160 192 255 1 139 124 43 43 60 42 44 199 166 87 242 226 130 31 169 40 118 156 11 248 187 180 33 49 80 44 42 11 224 75 61 49 119 103 60 87 178 121 136 41 224 197 128 146 62 9 187 31 206 60 177 12 69 109 43 19 169 221 31 238 74 75 1 243 40 32 225 114 107 226 101 147 2 70
5 110 40 106 1 42 176 7 152 216 113 154 3 34 161 155 250 18 53 253 52 214 153 47 233 206 44 29 165 197 76 142 148 121 171 57 62 248 199 210 113 114 11 175 106 210 130 219 69 141 139 175 96 13 139 165 154 22 84 250 35 223 159 189 245 244 184 24 211 87 214 201 75 142 225 31 229 183 232 49 69 201 80 43 129 56 92 198 1 172 241 130 228 77 73 229 249 58 104 221 136 177 195 129 235 43 95 115 220 34 245 199 77 84 59 41 118 48 240 195 132 43 236 250 91 220 189 223
8 169 217 99 133 150 67 141 63 28 241 197 179 52 82 242 80 67 183 3 119 10 246 200 77 173 203 197 183 193 141 5 111 88 202 38 26 87 43 137 175 245 175 201 76 219 82 252 208 2 197 29 221 24 25 173 26 222 202 247 246 227 164 16 194 111 7 184 82 172 201 20 27 208 205 109 124 150 130 151 102 79 5 227 229 135 122 75 214 127 46 187 6 169 6 220 40 53 151 47 222 158 11 6 211 163 53 177 65 65 183 20 228 237 197 37 46 124 57 18 105 254 55 151 122 112 169 228
110 224 123 232 80 37 204 190 5 72 167 86 109 115 20 114 187 187 200 40 47 221 155 234 152 99 19 199 64 174 178 217 17 197 160 82 115 82 43 132 23 203 214 138 30 1 15 53 205 229 192 235 231 207 32 180 180 224 159 155 175 191 79 100 160 238 255 79 174 79 179 78 61 179 157 235 2 81 57 63 4 215 43 6 40 100 69 44 59 112 50 99 213 119 143 16 232 193 116 189 57 3 205 33 197 65 222 254 69 171 31 10 237 253 8 50 168 39 60 149 36 68 199 204 107 3 98 143
71 41 91 178 45 189 65 116 231 157 39 20 90 104 136 65 5 175 85 96 24 222 161 29 141 247 125 165 213 31 195 98 22 64 8 235 95 203 77 117 11 85 96 107 32 174 224 44 3 65 151 36 239 119 80 242 184 231 22 167 94 102 154 23 77 176 190 172 23 88 195 100 9 129 16 32 218 211 132 227 85 149 3 47 104 135 18 189 28 21 236 133 156 254 66 185 19 47 62 176 45 128 105 65 175 167 241 221 39 90 30 215 1 15 180 40 105 210 255 106 225 179 146 74 133 146 180 102
69 70 176 203 216 100 49 30 171 226 233 131 70 26 161 241 252 138 117 67 165 22 52 161 161 169 228 70 192 25 231 97 194 204 167 130 229 142 227 167 90 138 42 63 25 13 231 115 152 17 179 177 30 154 36 182 171 215 103 201 113 140 128 28 99 231 230 213 115 102 241 215 77 215 172 193 61 157 152 139 117 68 76 178 225 228 61 86 40 137 9 9 109 70 96 149 208 105 159 61 175 255 211 127 104 114 189 23 113 144 151 217 2 84 240 115 228 135 76 230 219 60 89 191 196 165 165 159
225 254 95 165 163 4 69 133 3 164 42 166 168 111 43 171 19 86 82 188 197 125 103 217 211 185 149 153 55 252 114 10 182 7 163 237 3 21 247 185 28 155 166 32 176 158 217 205 57 128 237 233 30 198 182 87 70 163 64 100 106 247 187 176 154 252 21 4 243 208 181 141 204 202 146 191 154 71 77 103 17 223 38 171 38 115 18 55 82 57 226 120 172 245 175 255 46 146 119 218 135 39 217 181 185 81 143 64 120 105 245 49 186 132 113 50 237 102 99 167 234 212 217 216 58 60 127 36
16 89 252 74 149 124 111 166 213 107 240 106 231 95 16 188 203 1 39 178 96 55 111 43 56 150 222 153 205 77 196 6 227 162 159 176 239 99 182 210 6 85 131 245 185 57 200 191 143 75 180 72 132 124 7 19 199 187 91 76 56 98 95 255 30 187 75 86 29 171 85 59 102 161 145 131 76 231 191 178 136 80 53 212 55 244 134 191 69 187 147 124 176 25 60 245 213 207 113 133 233 173 122 190 125 235 67 102 153 189 36 22 168 103 124 65 36 160 87 204 7 211 14 43 115 101 247 122
57 5 165 172 107 157 39 164 162 204 80 13 105 119 177 12 68 2 25 173 121 203 185 189 205 211 107 70 158 36 4 107 247 111 177 149 147 181 0 139 36 178 32 184 103 33 67 140 211 99 68 58 132 135 198 87 234 10 146 111 145 88 198 124 99 88 235 244 177 177 112 20 10 91 8 187 13 121 207 23 212 215 210 225 80 161 248 37 120 202 6 201 107 255 238 228 201 244 173 53 243 155 25 189 143 198 242 131 97 11 64 240 209 50 115 50 61 179 34 14 229 150 64 34 73 98 48 47
248 112 81 66 211 130 113 203 242 194 13 197 68 126 145 55 65 158 252 133 29 141 188 94 44 185 227 73 70 160 167 114 89 138 187 159 42 98 18 131 237 205 35 23 48 53 155 29 2 190 52 50 243 207 79 245 141 132 40 128 83 119 118 225 251 158 97 79 21 215 48 17 117 145 96 139 105 144 156 222 33 252 105 138 140 5 105 173 1 210 56 141 216 161 59 217 115 115 103 75 20 162 37 135 21 140 211 41 46 248 176 67 132 131 108 178 123 28 245 255 160 97 177 27 125 166 27 29
7 204 57 133 115 84 162 122 32 219 255 147 47 162 14 80 125 13 227 173 175 241 253 45 255 224 218 174 210 215 219 209 183 181 127 137 140 91 90 68 16 218 205 157 53 40 225 69 2 174 226 55 214 195 124 216 114 95 15 72 34 140 33 148 235 48 221 13 188 254 162 167 46 127 181 235 125 87 146 171 214 71 150 83 158 41 254 116 112 149 199 15 190 198 131 46 91 75 61 25 17 193 71 108 12 133 133 29 70 204 137 82 81 14 111 151 218 248 233 44 6 88 195 224 80 173 12 86
5 208 55 86 125 67 172 130 19 227 216 144 39 133 19 58 104 235 203 143 112 222 202 217 201 149 104 58 115 50 19 60 199 123 118 58 174 137 119 117 5 237 176 179 119 39 40 124 20 216 47 139 255 87 7 20 48 54 159 47 142 167 67 190 221 227 237 107 138 49 41 103 20 23 211 158 72 252 5 92 19 216 250 91 213 255 183 232 216 177 68 173 177 251 149 137 173 217 54 94 213 203 231 130 165 29 224 122 232 199 252 141 228 220 7 204 163 3 90 135 223 97 83 130 101 173 9 68
15 93 199 116 10 208 184 25 45 127 141 56 80 70 81 125 197 223 181 21 37 7 147 234 230 72 0 11 79 147 245 53 219 245 64 43 136 54 96 100 43 161 143 180 215 239 24 2 144 167 182 103 150 206 106 39 117 32 142 12 239 248 51 100 25 193 112 8 186 163 108 211 101 221 219 31 128 71 242 229 36 205 4 165 20 246 138 57 195 143 222 216 133 104 17 73 247 239 33 125 87 50 198 79 33 231 204 120 25 146 199 58 121 147 178 146 37 122 204 158 13 126 48 51 248 252 209 6
123 2 57 115 254 10 121 121 12 178 237 11 189 102 132 201 25 113 212 214 216 89 159 241 202 116 199 162 205 102 147 151 218 90 58 167 193 205 63 155 40 121 67 233 70 130 132 110 251 199 87 65 73 220 176 68 163 7 134 237 227 54 49 135 61 183 116 33 237 165 168 43 93 28 76 74 193 244 117 30 16 193 105 209 181 222 240 197 160 89 151 85 55 135 27 215 224 178 45 23 57 72 239 25 250 28 48 51 100 31 76 94 59 124 145 159 156 221 253 215 89 142 119 245 107 116 205 197
3 68 186 110 184 135 51 187 203 238 42 132 117 93 63 65 75 105 197 193 199 4 2 18 110 199 211 53 203 213 71 57 156 27 110 104 240 182 161 141 209 16 245 193 198 150 78 151 166 67 88 108 218 167 3 128 234 92 237 196 3 240 69 237 76 50 178 79 34 247 61 111 41 239 190 75 230 251 186 15 234 121 90 208 116 21 223 95 142 58 47 2 79 15 97 221 73 145 223 152 160 65 117 233 210 84 129 114 149 246 91 103 74 220 217 224 210 52 71 28 16 33 252 226 85 68 255 102
101 251 72 186 63 71 32 164 67 105 95 130 176 127 39 243 232 134 118 153 5 157 140 238 35 2 135 40 159 19 22 194 22 157 235 181 177 1 120 199 159 99 124 80 100 244 23 3 87 147 83 188 136 106 191 223 254 19 155 134 125 91 101 123 110 1 1 235 92 103 103 202 104 104 181 196 207 28 142 55 133 67 251 84 96 137 140 229 205 135 57 45 17 197 18 222 77 75 11 94 17 29 60 94 104 71 188 121 100 248 215 204 63 147 70 163 139 29 111 202 177 181 109 60 211 221 7 132
146 116 192 101 81 199 233 228 60 170 73 141 113 51 113 173 221 187 59 78 238 172 252 203 103 55 25 85 227 21 32 75 76 58 160 48 79 193 123 156 251 27 204 74 220 71 230 215 98 178 34 63 249 8 22 92 187 56 155 180 65 177 16 252 234 171 176 43 93 193 39 71 108 215 114 201 152 153 16 5 112 130 206 9 27 223 14 140 97 220 149 125 187 163 9 29 127 158 154 59 65 163 88 192 65 242 251 130 149 83 66 214 69 62 88 218 145 154 176 215 216 8 177 106 163 98 65 123
106 242 229 13 84 38 137 191 25 110 204 109 149 85 44 174 196 249 27 89 78 72 7 18 65 34 107 143 106 114 162 171 149 13 59 255 128 221 171 21 234 230 20 106 195 191 127 173 165 148 24 104 83 151 22 249 43 46 97 127 197 119 120 241 165 217 112 107 81 232 92 246 193 204 97 18 180 189 9 117 137 106 136 61 40 145 179 177 251 59 239 35 204 162 213 199 221 196 235 169 102 192 112 67 132 91 236 234 27 92 45 159 184 25 137 211 117 182 115 45 207 252 1 69 179 116 114 130
112 115 199 35 231 58 166 88 173 109 123 149 167 33 237 85 143 104 234 54 138 215 139 25 63 117 79 201 76 219 226 140 80 50 85 157 13 56 41 93 106 126 250 119 182 35 212 32 162 207 151 88 242 108 121 148 59 16 237 45 124 102 194 183 118 175 229 243 21 167 170 139 86 143 126 107 54 41 246 140 184 117 247 239 158 238 123 86 99 115 69 1 97 193 87 196 52 157 197 149 94 28 89 146 185 30 39 23 58 128 169 244 158 208 11 216 80 181 204 238 133 216 199 214 141 147 196 18
107 139 232 248 31 173 11 138 56 243 131 87 160 142 226 217 129 101 48 34 243 18 251 116 119 43 150 106 62 145 223 181 189 117 32 251 7 255 176 196 116 208 191 123 207 111 63 68 64 254 191 15 110 255 83 174 253 19 189 107 18 17 25 15 36 215 123 54 232 148 69 12 107 192 66 83 85 135 95 192 72 161 20 157 41 115 93 113 21 113 14 62 229 107 175 250 221 189 56 194 40 231 188 5 164 244 199 204 219 131 210 127 119 153 75 82 29 29 209 148 183 29 231 212 58 184 104 241
213 79 197 16 8 46 1 221 125 199 237 133 245 239 99 114 182 80 248 171 63 91 29 245 171 21 160 235 112 190 224 28 211 129 7 68 63 231 96 18 104 103 86 167 78 182 186 183 29 16 94 108 199 24 35 228 41 129 80 240 154 115 212 195 245 37 179 143 152 135 82 141 172 5 28 69 140 110 210 57 115 239 126 0 93 80 57 209 63 183 209 157 7 10 110 71 193 63 228 200 73 82 15 10 145 243 210 218 69 226 228 214 213 182 176 27 152 148 241 110 75 162 137 227 54 122 81 129
28 218 101 83 85 182 212 113 145 57 196 230 240 153 87 129 210 28 103 194 181 190 67 135 218 170 74 143 105 141 23 67 56 97 211 161 238 234 228 38 75 183 199 57 161 172 96 236 99 39 38 5 211 134 241 55 173 23 60 129 157 45 184 75 69 244 204 226 33 132 45 102 120 249 73 153 125 118 0 245 112 73 143 237 191 143 227 47 216 114 29 151 1 0 199 217 114 228 112 115 228 55 76 86 27 188 201 255 244 21 85 15 209 30 15 197 51 100 213 5 131 228 202 182 72 159 187 203
