0
0
0
0
0
0
0
0
0
0
0
0
0
0
0
1
0
0
0
14
0
0
1
1
6
9
4
3
0
153
0
2
1
1
24
27
44
36
0
663
0
1
0
9
20
47
71
51
4
932
0
0
1
8
20
35
46
36
6
716
0
0
0
0
7
12
18
38
1
292
0
0
0
0
0
3
2
3
0
34
0
0
0
0
0
0
0
0
0
0
0
0
3
15
65
143
185
217
25
3524
0
0
0
0
0
0
0
0
0
0
0
6
2
0
2
0
0
0
0
48
1
10
17
10
5
1
0
0
0
286
3
28
34
37
13
7
1
0
0
819
1
32
33
33
31
14
7
2
0
994
0
17
18
17
11
7
5
4
0
699
0
2
1
4
3
2
2
3
0
168
0
0
0
1
2
1
0
0
0
18
0
0
0
0
0
0
0
0
0
0
10
107
130
123
76
46
14
2
0
3826
0
0
0
0
0
0
0
0
0
0
0
0
1
1
2
0
0
0
0
14
0
6
2
4
2
2
4
3
0
116
1
6
7
9
9
9
3
7
1
378
2
11
14
22
15
17
26
10
1
643
0
11
10
17
20
5
19
26
2
611
4
4
4
5
11
10
9
1
2
307
0
0
1
3
1
2
3
5
0
70
0
0
0
0
0
0
0
0
0
2
8
97
92
95
115
101
101
110
13
3930
0
0
0
0
0
0
1
0
0
3
0
1
1
2
3
2
2
5
0
71
0
4
1
8
12
9
10
10
1
279
0
11
11
9
13
20
19
33
2
567
0
8
15
6
19
21
26
36
3
680
1
4
8
8
16
11
24
31
5
444
0
0
4
1
3
4
8
12
4
143
0
0
0
0
0
1
0
0
0
17
0
0
0
0
0
0
0
0
0
1
6
67
40
73
95
120
179
203
21
3747
0
0
0
0
0
0
0
0
0
3
0
8
4
5
0
0
0
0
0
34
2
15
18
14
6
3
2
4
0
134
4
23
18
10
12
10
12
13
1
294
2
21
27
15
30
28
18
34
8
479
4
18
18
28
26
23
24
51
5
410
2
3
7
12
12
18
21
43
3
275
0
0
1
1
5
6
11
20
5
110
0
0
0
0
0
0
1
1
0
6
16
131
142
158
143
135
151
146
28
3156
1
0
3
0
1
0
0
0
0
6
1
20
10
6
5
4
3
3
0
126
1
21
15
16
16
12
6
13
0
278
0
31
23
17
19
24
22
13
2
401
1
21
16
23
16
19
24
25
2
513
1
9
9
21
12
25
39
27
2
309
0
2
7
1
8
7
15
24
2
117
0
0
0
0
1
3
4
11
0
31
0
0
0
0
0
0
0
0
0
0
8
89
129
144
174
185
192
224
21
3137
