[  0  88 104 200 180 212 183  87 178]
[  0 174 151 104 200 190  87 178  65]
[  0  61   3 151 104  88 178  65  15]
[  0 158 229   3 151 174  65  15 240]
[  0 153  41 229   3  61  15 240 149]
[  0 131 130  41 229 158 240 149 177]
[  0 100 179 130  41 153 149 177 146]
[  0 227 159 179 130 131 177 146  10]
[  0 253 164 159 179 100 146  10   6]
[  0 169  53 164 159 227  10   6 173]
[  0 169 119  53 164 253   6 173 215]
[  0 105 109 119  53 169 173 215  28]
[  0 237 246 109 119 169 215  28 104]
[  0   7 251 246 109 105  28 104 189]
[  0 193 146 251 246 237 104 189 125]
[  0  44 215 146 251   7 189 125 178]
[  0 178  88 190 212 183  64 224  34]
[  0  65 174  88 190  87 224  34  18]
[  0  15  61 174  88 178  34  18 250]
[  0 240 158  61 174  65  18 250  80]
[  0 149 153 158  61  15 250  80  45]
[  0 177 131 153 158 240  80  45  18]
[  0 146 100 131 153 149  45  18 132]
[  0  10 227 100 131 177  18 132  76]
[  0   6 253 227 100 146 132  76 139]
[  0 173 169 253 227  10  76 139 244]
[  0 215 169 169 253   6 139 244  91]
[  0  28 105 169 169 173 244  91 200]
[  0 104 237 105 169 215  91 200  63]
[  0 189   7 237 105  28 200  63 116]
[  0 125 193   7 237 104  63 116  52]
[  0 178  44 193   7 189 116  52 167]
[  0  34 178  87 183  64  13 108 249]
[  0  18  65 178  87 224 108 249 204]
[  0 250  15  65 178  34 249 204 157]
[  0  80 240  15  65  18 204 157  80]
[  0  45 149 240  15 250 157  80 196]
[  0  18 177 149 240  80  80 196 144]
[  0 132 146 177 149  45 196 144 219]
[  0  76  10 146 177  18 144 219 148]
[  0 139   6  10 146 132 219 148  18]
[  0 244 173   6  10  76 148  18 134]
[  0  91 215 173   6 139  18 134 205]
[  0 200  28 215 173 244 134 205  16]
[  0  63 104  28 215  91 205  16 239]
[  0 116 189 104  28 200  16 239  62]
[  0  52 125 189 104  63 239  62 128]
[  0 167 178 125 189 116  62 128  88]
[  0 249  34 224  64  13 205 246  22]
[  0 204  18  34 224 108 246  22  46]
[  0 157 250  18  34 249  22  46 192]
[  0  80  80 250  18 204  46 192  63]
[  0 196  45  80 250 157 192  63  59]
[  0 144  18  45  80  80  63  59 173]
[  0 219 132  18  45 196  59 173  16]
[  0 148  76 132  18 144 173  16  30]
[  0  18 139  76 132 219  16  30  50]
[  0 134 244 139  76 148  30  50  64]
[  0 205  91 244 139  18  50  64 181]
[  0  16 200  91 244 134  64 181 151]
[  0 239  63 200  91 205 181 151  74]
[  0  62 116  63 200  16 151  74  62]
[  0 128  52 116  63 239  74  62 122]
[  0  88 167  52 116  62  62 122 131]
[  0  22 249 108  13 205  73 147 127]
[  0  46 204 249 108 246 147 127  15]
[  0 192 157 204 249  22 127  15 202]
[  0  63  80 157 204  46  15 202  52]
[  0  59 196  80 157 192 202  52  60]
[  0 173 144 196  80  63  52  60 151]
[  0  16 219 144 196  59  60 151  51]
[  0  30 148 219 144 173 151  51  96]
[  0  50  18 148 219  16  51  96  15]
[  0  64 134  18 148  30  96  15 228]
[  0 181 205 134  18  50  15 228  53]
[  0 151  16 205 134  64 228  53  46]
[  0  74 239  16 205 181  53  46  61]
[  0  62  62 239  16 151  46  61  13]
[  0 122 128  62 239  74  61  13 143]
[  0 131  88 128  62  62  13 143 119]
[  0 127  22 246 205  73 175  12 161]
[  0  15  46  22 246 147  12 161 161]
[  0 202 192  46  22 127 161 161  98]
[  0  52  63 192  46  15 161  98 147]
[  0  60  59  63 192 202  98 147 250]
[  0 151 173  59  63  52 147 250  55]
[  0  51  16 173  59  60 250  55 218]
[  0  96  30  16 173 151  55 218  37]
[  0  15  50  30  16  51 218  37 188]
[  0 228  64  50  30  96  37 188 156]
[  0  53 181  64  50  15 188 156 130]
[  0  46 151 181  64 228 156 130  88]
[  0  61  74 151 181  53 130  88   6]
[  0  13  62  74 151  46  88   6 113]
[  0 143 122  62  74  61   6 113  86]
[  0 119 131 122  62  13 113  86  55]
[  0 161 127 147  73 175 128  69  45]
[  0 161  15 127 147  12  69  45  91]
[  0  98 202  15 127 161  45  91  47]
[  0 147  52 202  15 161  91  47 248]
[  0 250  60  52 202  98  47 248   7]
[  0  55 151  60  52 147 248   7  78]
[  0 218  51 151  60 250   7  78 103]
[  0  37  96  51 151  55  78 103 212]
[  0 188  15  96  51 218 103 212  82]
[  0 156 228  15  96  37 212  82 185]
[  0 130  53 228  15 188  82 185  37]
[  0  88  46  53 228 156 185  37  11]
[  0   6  61  46  53 130  37  11 231]
[  0 113  13  61  46  88  11 231 104]
[  0  86 143  13  61   6 231 104 144]
[  0  55 119 143  13 113 104 144 132]
[  0  45 161  12 175 128 211  83  73]
[  0  91 161 161  12  69  83  73  95]
[  0  47  98 161 161  45  73  95 184]
[  0 248 147  98 161  91  95 184 107]
[  0   7 250 147  98  47 184 107 238]
[  0  78  55 250 147 248 107 238 237]
[  0 103 218  55 250   7 238 237 159]
[  0 212  37 218  55  78 237 159  60]
[  0  82 188  37 218 103 159  60 142]
[  0 185 156 188  37 212  60 142 172]
[  0  37 130 156 188  82 142 172   4]
[  0  11  88 130 156 185 172   4  90]
[  0 231   6  88 130  37   4  90 246]
[  0 104 113   6  88  11  90 246 165]
[  0 144  86 113   6 231 246 165  19]
[  0 132  55  86 113 104 165  19  93]
[  0  73  45  69 128 211  36 116 254]
[  0  95  91  45  69  83 116 254 185]
[  0 184  47  91  45  73 254 185 218]
[  0 107 248  47  91  95 185 218 208]
[  0 238   7 248  47 184 218 208   6]
[  0 237  78   7 248 107 208   6  39]
[  0 159 103  78   7 238   6  39 131]
[  0  60 212 103  78 237  39 131 209]
[  0 142  82 212 103 159 131 209 191]
[  0 172 185  82 212  60 209 191 137]
[  0   4  37 185  82 142 191 137 142]
[  0  90  11  37 185 172 137 142 128]
[  0 246 231  11  37   4 142 128 126]
[  0 165 104 231  11  90 128 126 161]
[  0  19 144 104 231 246 126 161 148]
[  0  93 132 144 104 165 161 148  35]
[  0 254  73  83 211  36 227 175 213]
[  0 185  95  73  83 116 175 213 175]
[  0 218 184  95  73 254 213 175  31]
[  0 208 107 184  95 185 175  31  65]
[  0   6 238 107 184 218  31  65  96]
[  0  39 237 238 107 208  65  96 167]
[  0 131 159 237 238   6  96 167 225]
[  0 209  60 159 237  39 167 225 242]
[  0 191 142  60 159 131 225 242  93]
[  0 137 172 142  60 209 242  93 164]
[  0 142   4 172 142 191  93 164 237]
[  0 128  90   4 172 137 164 237 133]
[  0 126 246  90   4 142 237 133 163]
[  0 161 165 246  90 128 133 163  22]
[  0 148  19 165 246 126 163  22  21]
[  0  35  93  19 165 161  22  21 240]
[  0 213 254 116  36 227  18  37  40]
[  0 175 185 254 116 175  37  40 153]
[  0  31 218 185 254 213  40 153 214]
[  0  65 208 218 185 175 153 214 237]
[  0  96   6 208 218  31 214 237 120]
[  0 167  39   6 208  65 237 120 182]
[  0 225 131  39   6  96 120 182   5]
[  0 242 209 131  39 167 182   5  30]
[  0  93 191 209 131 225   5  30 248]
[  0 164 137 191 209 242  30 248 240]
[  0 237 142 137 191  93 248 240 220]
[  0 133 128 142 137 164 240 220 218]
[  0 163 126 128 142 237 220 218  98]
[  0  22 161 126 128 133 218  98 119]
[  0  21 148 161 126 163  98 119  82]
[  0 240  35 148 161  22 119  82 162]
[  0  40 213 175 227  18 195 127 190]
[  0 153 175 213 175  37 127 190 105]
[  0 214  31 175 213  40 190 105  12]
[  0 237  65  31 175 153 105  12 132]
[  0 120  96  65  31 214  12 132  14]
[  0 182 167  96  65 237 132  14 218]
[  0   5 225 167  96 120  14 218 108]
[  0  30 242 225 167 182 218 108 210]
[  0 248  93 242 225   5 108 210  85]
[  0 240 164  93 242  30 210  85 154]
[  0 220 237 164  93 248  85 154 103]
[  0 218 133 237 164 240 154 103  70]
[  0  98 163 133 237 220 103  70  67]
[  0 119  22 163 133 218  70  67 206]
[  0  82  21  22 163  98  67 206 164]
[  0 162 240  21  22 119 206 164 110]
[  0 190  40  37  18 195 139 224  52]
[  0 105 153  40  37 127 224  52  19]
[  0  12 214 153  40 190  52  19  30]
[  0 132 237 214 153 105  19  30 238]
[  0  14 120 237 214  12  30 238  80]
[  0 218 182 120 237 132 238  80 158]
[  0 108   5 182 120  14  80 158  53]
[  0 210  30   5 182 218 158  53 194]
[  0  85 248  30   5 108  53 194  67]
[  0 154 240 248  30 210 194  67  49]
[  0 103 220 240 248  85  67  49 222]
[  0  70 218 220 240 154  49 222 163]
[  0  67  98 218 220 103 222 163  88]
[  0 206 119  98 218  70 163  88 221]
[  0 164  82 119  98  67  88 221 235]
[  0 110 162  82 119 206 221 235 250]
[  0  52 190 127 195 139  76 173  62]
[  0  19 105 190 127 224 173  62  44]
[  0  30  12 105 190  52  62  44 234]
[  0 238 132  12 105  19  44 234 191]
[  0  80  14 132  12  30 234 191  18]
[  0 158 218  14 132 238 191  18 189]
[  0  53 108 218  14  80  18 189 220]
[  0 194 210 108 218 158 189 220 172]
[  0  67  85 210 108  53 220 172 178]
[  0  49 154  85 210 194 172 178  34]
[  0 222 103 154  85  67 178  34  26]
[  0 163  70 103 154  49  34  26 175]
[  0  88  67  70 103 222  26 175 102]
[  0 221 206  67  70 163 175 102 235]
[  0 235 164 206  67  88 102 235 237]
[  0 250 110 164 206 221 235 237  74]
[  0  62  52 224 139  76  23 122  87]
[  0  44  19  52 224 173 122  87  43]
[  0 234  30  19  52  62  87  43  83]
[  0 191 238  30  19  44  43  83 109]
[  0  18  80 238  30 234  83 109  68]
[  0 189 158  80 238 191 109  68  28]
[  0 220  53 158  80  18  68  28  61]
[  0 172 194  53 158 189  28  61  64]
[  0 178  67 194  53 220  61  64 195]
[  0  34  49  67 194 172  64 195 188]
[  0  26 222  49  67 178 195 188 133]
[  0 175 163 222  49  34 188 133 183]
[  0 102  88 163 222  26 133 183  95]
[  0 235 221  88 163 175 183  95 204]
[  0 237 235 221  88 102  95 204  34]
[  0  74 250 235 221 235 204  34  20]
[  0  87  62 173  76  23 237 181 146]
[  0  43  44  62 173 122 181 146 169]
[  0  83 234  44  62  87 146 169 248]
[  0 109 191 234  44  43 169 248 196]
[  0  68  18 191 234  83 248 196  82]
[  0  28 189  18 191 109 196  82 184]
[  0  61 220 189  18  68  82 184 250]
[  0  64 172 220 189  28 184 250 215]
[  0 195 178 172 220  61 250 215 234]
[  0 188  34 178 172  64 215 234  16]
[  0 133  26  34 178 195 234  16 150]
[  0 183 175  26  34 188  16 150 140]
[  0  95 102 175  26 133 150 140  22]
[  0 204 235 102 175 183 140  22  39]
[  0  34 237 235 102  95  22  39 104]
[  0  20  74 237 235 204  39 104 168]
[  0  83 249 173 151 149 133  70 119]
[  0 237 119 249 173  21  70 119 149]
[  0 178 247 119 249  83 119 149  18]
[  0 124   0 247 119 237 149  18  39]
[  0  69  63   0 247 178  18  39 139]
[  0  13 112  63   0 124  39 139 178]
[  0 149 227 112  63  69 139 178 116]
[  0  76   5 227 112  13 178 116 159]
[  0 180  84   5 227 149 116 159 240]
[  0  90  59  84   5  76 159 240  44]
[  0 151  96  59  84 180 240  44 248]
[  0  96 240  96  59  90  44 248 226]
[  0  88  22 240  96 151 248 226 128]
[  0 131  78  22 240  96 226 128 185]
[  0 176 153  78  22  88 128 185 136]
[  0  93  36 153  78 131 185 136 169]
[  0 119  83  21 149 133 226  92 137]
[  0 149 237  83  21  70  92 137  28]
[  0  18 178 237  83 119 137  28  62]
[  0  39 124 178 237 149  28  62  89]
[  0 139  69 124 178  18  62  89  71]
[  0 178  13  69 124  39  89  71 166]
[  0 116 149  13  69 139  71 166  95]
[  0 159  76 149  13 178 166  95  49]
[  0 240 180  76 149 116  95  49 185]
[  0  44  90 180  76 159  49 185  53]
[  0 248 151  90 180 240 185  53 252]
[  0 226  96 151  90  44  53 252 252]
[  0 128  88  96 151 248 252 252 157]
[  0 185 131  88  96 226 252 157 142]
[  0 136 176 131  88 128 157 142 194]
[  0 169  93 176 131 185 142 194 208]
[  0 137 119  70 133 226  48  95 213]
[  0  28 149 119  70  92  95 213 198]
[  0  62  18 149 119 137 213 198 196]
[  0  89  39  18 149  28 198 196 224]
[  0  71 139  39  18  62 196 224 188]
[  0 166 178 139  39  89 224 188 220]
[  0  95 116 178 139  71 188 220 120]
[  0  49 159 116 178 166 220 120 190]
[  0 185 240 159 116  95 120 190 113]
[  0  53  44 240 159  49 190 113 255]
[  0 252 248  44 240 185 113 255 141]
[  0 252 226 248  44  53 255 141  21]
[  0 157 128 226 248 252 141  21 248]
[  0 142 185 128 226 252  21 248  78]
[  0 194 136 185 128 157 248  78 231]
[  0 208 169 136 185 142  78 231 224]
[  0 213 137  92 226  48 127 142 175]
[  0 198  28 137  92  95 142 175 247]
[  0 196  62  28 137 213 175 247 196]
[  0 224  89  62  28 198 247 196  82]
[  0 188  71  89  62 196 196  82 217]
[  0 220 166  71  89 224  82 217 225]
[  0 120  95 166  71 188 217 225 136]
[  0 190  49  95 166 220 225 136 133]
[  0 113 185  49  95 120 136 133  51]
[  0 255  53 185  49 190 133  51  57]
[  0 141 252  53 185 113  51  57 196]
[  0  21 252 252  53 255  57 196 138]
[  0 248 157 252 252 141 196 138  27]
[  0  78 142 157 252  21 138  27   9]
[  0 231 194 142 157 248  27   9  76]
[  0 224 208 194 142  78   9  76   5]
[  0 175 213  95  48 127  74 129 224]
[  0 247 198 213  95 142 129 224  50]
[  0 196 196 198 213 175 224  50 249]
[  0  82 224 196 198 247  50 249 246]
[  0 217 188 224 196 196 249 246 251]
[  0 225 220 188 224  82 246 251  93]
[  0 136 120 220 188 217 251  93 152]
[  0 133 190 120 220 225  93 152 253]
[  0  51 113 190 120 136 152 253  40]
[  0  57 255 113 190 133 253  40  46]
[  0 196 141 255 113  51  40  46  93]
[  0 138  21 141 255  57  46  93  24]
[  0  27 248  21 141 196  93  24  49]
[  0   9  78 248  21 138  24  49 215]
[  0  76 231  78 248  27  49 215  55]
[  0   5 224 231  78   9 215  55 131]
[  0 224 175 142 127  74 229 120 155]
[  0  50 247 175 142 129 120 155 252]
[  0 249 196 247 175 224 155 252  48]
[  0 246  82 196 247  50 252  48 144]
[  0 251 217  82 196 249  48 144 140]
[  0  93 225 217  82 246 144 140 242]
[  0 152 136 225 217 251 140 242  70]
[  0 253 133 136 225  93 242  70 124]
[  0  40  51 133 136 152  70 124 203]
[  0  46  57  51 133 253 124 203   0]
[  0  93 196  57  51  40 203   0 204]
[  0  24 138 196  57  46   0 204 131]
[  0  49  27 138 196  93 204 131  85]
[  0 215   9  27 138  24 131  85  88]
[ 0 55 76  9 27 49 85 88 59]
[  0 131   5  76   9 215  88  59 107]
[  0 155 224 129  74 229  75 194   3]
[  0 252  50 224 129 120 194   3 244]
[  0  48 249  50 224 155   3 244  88]
[  0 144 246 249  50 252 244  88  76]
[  0 140 251 246 249  48  88  76 116]
[  0 242  93 251 246 144  76 116  70]
[  0  70 152  93 251 140 116  70 231]
[  0 124 253 152  93 242  70 231 101]
[  0 203  40 253 152  70 231 101 239]
[  0   0  46  40 253 124 101 239  55]
[  0 204  93  46  40 203 239  55 218]
[  0 131  24  93  46   0  55 218 217]
[  0  85  49  24  93 204 218 217  68]
[  0  88 215  49  24 131 217  68 140]
[  0  59  55 215  49  85  68 140 102]
[  0 107 131  55 215  88 140 102  65]
[  0   3 155 120 229  75 190 117 219]
[  0 244 252 155 120 194 117 219 180]
[  0  88  48 252 155   3 219 180 148]
[  0  76 144  48 252 244 180 148  39]
[  0 116 140 144  48  88 148  39 199]
[  0  70 242 140 144  76  39 199  75]
[  0 231  70 242 140 116 199  75 250]
[  0 101 124  70 242  70  75 250 195]
[  0 239 203 124  70 231 250 195  10]
[  0  55   0 203 124 101 195  10 111]
[  0 218 204   0 203 239  10 111  32]
[  0 217 131 204   0  55 111  32  19]
[  0  68  85 131 204 218  32  19 208]
[  0 140  88  85 131 217  19 208 127]
[  0 102  59  88  85  68 208 127  52]
[  0  65 107  59  88 140 127  52 245]
[  0 219   3 194  75 190 164   3 142]
[  0 180 244   3 194 117   3 142  74]
[  0 148  88 244   3 219 142  74 205]
[  0  39  76  88 244 180  74 205 132]
[  0 199 116  76  88 148 205 132 250]
[  0  75  70 116  76  39 132 250 115]
[  0 250 231  70 116 199 250 115 111]
[  0 195 101 231  70  75 115 111 137]
[  0  10 239 101 231 250 111 137 210]
[  0 111  55 239 101 195 137 210 117]
[  0  32 218  55 239  10 210 117 236]
[  0  19 217 218  55 111 117 236   3]
[  0 208  68 217 218  32 236   3 135]
[  0 127 140  68 217  19   3 135 126]
[  0  52 102 140  68 208 135 126 222]
[  0 245  65 102 140 127 126 222 180]
[  0 142 219 117 190 164 176 223  84]
[  0  74 180 219 117   3 223  84 183]
[  0 205 148 180 219 142  84 183 160]
[  0 132  39 148 180  74 183 160 165]
[  0 250 199  39 148 205 160 165  17]
[  0 115  75 199  39 132 165  17 150]
[  0 111 250  75 199 250  17 150  67]
[  0 137 195 250  75 115 150  67 235]
[  0 210  10 195 250 111  67 235  64]
[  0 117 111  10 195 137 235  64  98]
[  0 236  32 111  10 210  64  98  24]
[  0   3  19  32 111 117  98  24  76]
[  0 135 208  19  32 236  24  76 248]
[  0 126 127 208  19   3  76 248  19]
[  0 222  52 127 208 135 248  19 111]
[  0 180 245  52 127 126  19 111  87]
[  0  84 142   3 164 176 234 145  43]
[  0 183  74 142   3 223 145  43 124]
[  0 160 205  74 142  84  43 124 171]
[  0 165 132 205  74 183 124 171  42]
[  0  17 250 132 205 160 171  42 235]
[  0 150 115 250 132 165  42 235 161]
[  0  67 111 115 250  17 235 161 237]
[  0 235 137 111 115 150 161 237  64]
[  0  64 210 137 111  67 237  64 187]
[  0  98 117 210 137 235  64 187  52]
[  0  24 236 117 210  64 187  52 101]
[  0  76   3 236 117  98  52 101   1]
[  0 248 135   3 236  24 101   1 213]
[  0  19 126 135   3  76   1 213 250]
[  0 111 222 126 135 248 213 250  87]
[  0  87 180 222 126  19 250  87  64]
[  0  43  84 223 176 234  61  63  74]
[  0 124 183  84 223 145  63  74 142]
[  0 171 160 183  84  43  74 142 170]
[  0  42 165 160 183 124 142 170  46]
[  0 235  17 165 160 171 170  46 190]
[  0 161 150  17 165  42  46 190 214]
[  0 237  67 150  17 235 190 214 131]
[  0  64 235  67 150 161 214 131  13]
[  0 187  64 235  67 237 131  13  48]
[  0  52  98  64 235  64  13  48 176]
[  0 101  24  98  64 187  48 176 183]
[  0   1  76  24  98  52 176 183 149]
[  0 213 248  76  24 101 183 149  45]
[  0 250  19 248  76   1 149  45 221]
[  0  87 111  19 248 213  45 221 180]
[  0  64  87 111  19 250 221 180 213]
[  0  74  43 145 234  61 189  31 217]
[  0 142 124  43 145  63  31 217  37]
[  0 170 171 124  43  74 217  37 236]
[  0  46  42 171 124 142  37 236 234]
[  0 190 235  42 171 170 236 234 199]
[  0 214 161 235  42  46 234 199  55]
[  0 131 237 161 235 190 199  55  49]
[  0  13  64 237 161 214  55  49  69]
[  0  48 187  64 237 131  49  69 101]
[  0 176  52 187  64  13  69 101 114]
[  0 183 101  52 187  48 101 114   5]
[  0 149   1 101  52 176 114   5  97]
[  0  45 213   1 101 183   5  97  44]
[  0 221 250 213   1 149  97  44  68]
[  0 180  87 250 213  45  44  68  29]
[  0 213  64  87 250 221  68  29 240]
[  0 217  74  63  61 189 147 224 181]
[  0  37 142  74  63  31 224 181  35]
[  0 236 170 142  74 217 181  35  27]
[  0 234  46 170 142  37  35  27  72]
[  0 199 190  46 170 236  27  72  89]
[  0  55 214 190  46 234  72  89  94]
[  0  49 131 214 190 199  89  94 197]
[  0  69  13 131 214  55  94 197  37]
[  0 101  48  13 131  49 197  37  54]
[  0 114 176  48  13  69  37  54  18]
[  0   5 183 176  48 101  54  18  43]
[  0  97 149 183 176 114  18  43   1]
[  0  44  45 149 183   5  43   1  50]
[  0  68 221  45 149  97   1  50 221]
[  0  29 180 221  45  44  50 221  45]
[  0 240 213 180 221  68 221  45 180]
[  0 181 217  31 189 147  97 245 131]
[  0  35  37 217  31 224 245 131  93]
[  0  27 236  37 217 181 131  93 198]
[  0  72 234 236  37  35  93 198 110]
[  0  89 199 234 236  27 198 110 248]
[  0  94  55 199 234  72 110 248 166]
[  0 197  49  55 199  89 248 166  41]
[  0  37  69  49  55  94 166  41 207]
[  0  54 101  69  49 197  41 207 108]
[  0  18 114 101  69  37 207 108 229]
[  0  43   5 114 101  54 108 229 221]
[  0   1  97   5 114  18 229 221  26]
[  0  50  44  97   5  43 221  26 176]
[  0 221  68  44  97   1  26 176  82]
[  0  45  29  68  44  50 176  82 217]
[  0 180 240  29  68 221  82 217 249]
[  0 131 181 224 147  97 195 207 118]
[  0  93  35 181 224 245 207 118 169]
[  0 198  27  35 181 131 118 169 228]
[  0 110  72  27  35  93 169 228 234]
[  0 248  89  72  27 198 228 234 252]
[  0 166  94  89  72 110 234 252 203]
[  0  41 197  94  89 248 252 203 160]
[  0 207  37 197  94 166 203 160  88]
[  0 108  54  37 197  41 160  88 112]
[  0 229  18  54  37 207  88 112 220]
[  0 221  43  18  54 108 112 220 139]
[  0  26   1  43  18 229 220 139 181]
[  0 176  50   1  43 221 139 181  74]
[  0  82 221  50   1  26 181  74  72]
[  0 217  45 221  50 176  74  72 209]
[  0 249 180  45 221  82  72 209   1]
