[  0.          88.          96.01304626 151.         129.70153809
 140.         105.00382996 108.          99.10774231]

[  0.         151.          66.1368866  151.         166.09544373
 180.         133.35124207 108.          93.53297424]

[  0.         149.          74.18850708  17.         162.83561707
 180.         121.54940796 157.         108.5773468 ]

[  0.         153.         113.31858826  17.         105.75222778
 151.         107.6554718   80.         148.13760376]

[  0.         146.         140.38047791  17.          86.49098206
  88.         102.77986145 149.         143.1428833 ]

[  0.         146.         140.97840881 130.          97.87730408
 151.         108.5773468  144.         137.20899963]

[  0.         159.         139.7895813  130.         125.79704285
 149.         147.78230286 146.         134.56439209]

[  0.         164.         114.0176239  130.         144.68188477
 153.         143.63517761 144.         141.31642151]

[  0.         169.          98.11671448 120.         145.52757263
 146.         139.53991699 132.         155.35569763]

[  0.         119.          88.05621338  53.         146.27275085
 146.         135.87101746 134.         162.40222168]

[  0.         119.         111.68289185  53.         127.79829407
 159.         138.82931519 139.         143.28500366]

[  0.         109.         146.95068359  53.         116.80566406
 164.         149.70605469 173.         104.58259583]

[  0.         189.         155.79934692 109.         102.57752991
 169.         159.6711731  104.         109.31036377]

[  0.         178.         160.3677063  109.         122.40344238
 119.         143.61598206 104.         119.72425842]

[  0.         146.         158.95353699 129.         162.6723938
 119.         104.411026   116.         125.51089478]

[  0.          60.          78.9770813  146.         170.33282471
 109.         109.20985413 125.         107.72271729]

[  0.          65.         122.97895813 180.         163.42651367
 119.          69.52667236 108.         128.29249573]

[  0.          80.         131.18486023 165.         179.99450684
 163.         107.9967041  108.         125.1018219 ]

[  0.         149.         152.89482117 104.         166.40400696
 178.         107.9967041  157.          96.73902893]

[  0.         149.         154.02474976 158.         120.3759613
  88.         128.29249573  80.         119.20251465]

[  0.         132.         152.5100708  153.         129.34432983
  65.         125.1018219   80.         126.89370728]

[  0.         131.         152.1547699  158.         151.99536133
  80.          91.83587646  80.         139.71148682]

[  0.         132.         158.48043823 153.         153.23796082
 149.         107.71949768 132.         126.5057373 ]

[  0.         169.         161.42144775 159.         151.45120239
 149.         119.46624756 132.         109.28604126]

[  0.         169.         163.99499512 164.         150.35072327
 132.         137.45162964  76.         121.13652039]

[  0.         169.         138.49320984 159.         157.05410767
 131.         121.32025146  76.         148.09086609]

[  0.         105.         136.15335083 164.         161.56869507
 132.          99.53601074 134.         147.14085388]

[  0.         105.         164.38809204 119.         164.85284424
 169.         114.95166016 151.         110.25334167]

[  0.         116.         184.890625   169.         138.84851074
 169.         146.0249939  151.          94.48239136]

[  0.         125.         187.29582214 223.         131.12786865
 169.         148.26947021  74.         107.9896698 ]

[  0.         125.         169.81108093 193.         149.37698364
 105.         112.8454895   74.         124.56982422]

[  0.          60.         101.19984436 189.         176.38772583
 105.          88.48257446 116.         125.35661316]

[  0.         157.          97.70251465 180.         152.49790955
  64.          54.28962708 127.         132.90246582]

[  0.          80.         103.72796631 151.         175.18351746
 108.         110.5478363  127.         125.1018219 ]

[  0.         149.         137.64239502  88.         140.90412903
 108.         119.12632751 157.          79.99755859]

[  0.         144.         150.36801147 151.          90.91400146
 108.         134.81214905  80.          79.99755859]

[  0.         146.         144.81184387 149.          94.95739746
 157.         125.1018219   80.         103.5947876 ]

[  0.         144.         139.95411682 153.         132.59712219
  80.          79.99755859  80.         136.96636963]

[  0.         132.         144.48599243 146.         149.9659729
 149.          79.99755859 144.         107.25152588]

[  0.         134.         158.50476074 146.         143.12046814
 144.         104.44750977 144.          67.63046265]

[  0.         139.         167.7816925  159.         137.45162964
 146.         139.02520752  50.          85.099823  ]

[  0.         173.         151.83786011 164.         140.70632935
 144.         106.6100769   64.         121.13652039]

[  0.         104.         124.17803955 169.         157.08868408
 132.          64.16448975  64.         133.6598053 ]

[  0.         104.         109.76617432 119.         168.13699341
 134.          78.91949463 134.          98.36065674]

[  0.         116.         137.4599762  119.         156.86334229
 139.         112.89282227  74.          71.08618164]

[  0.         125.         157.16677856 109.         126.32391357
 173.         126.47950745  62.          91.90884399]

[  0.         128.         145.06150818 189.         108.36929321
 104.          89.76869202  74.         122.93734741]

[  0.         112.          92.01638794 178.         129.83853149
 104.          69.88006592 119.         128.93716431]

[  0.         157.         100.27796936 178.         112.55290222
  27.          65.58569336 147.         134.27502441]

[  0.          80.          89.56898499  88.         134.41714478
 108.         132.64576721 127.         120.91117859]

[  0.          80.         120.41566467  65.         115.1539917
 108.         133.85891724 127.          87.45315552]

[  0.          80.         147.78230286  80.         110.94606018
 108.         132.14321899  98.          81.44821167]

[  0.         132.         141.57633972 149.          96.10652161
 157.         119.17497253  98.          87.96977234]

[  0.         132.         136.96636963 149.         120.41566467
  80.          90.54141235  63.         108.3449707 ]

[  0.          76.         133.81217957 132.         147.27975464
  80.          82.04936218  60.          83.4667511 ]

[  0.          76.         145.17739868 131.         142.62817383
  80.          80.29205322  55.          55.79727173]

[  0.         134.         155.71099854 132.         139.26783752
 132.          93.57780457  50.          75.32165527]

[  0.         151.         164.81826782 169.         134.73596191
 132.          74.52139282  64.         108.31933594]

[  0.         151.         131.94923401 169.         141.65956116
  76.          55.79727173 130.         108.17340088]

[  0.          74.         104.58259583 169.         150.20860291
  76.          80.0116272  130.          69.02734375]

[  0.          74.         111.26869202 105.         163.08850098
 134.         114.66873169  74.          66.96850586]

[  0.         116.         121.26838684 105.         132.13296509
 151.         107.7713623   62.          91.60731506]

[  0.         131.         125.72407532 116.         104.411026
 151.          69.02734375  74.         122.51098633]

[  0.         131.         100.05262756 125.         111.19763184
  74.          66.96850586 113.         126.02560425]

[  0.         157.         136.69941711 108.          80.79460144
  13.          87.87760925 127.         113.28591919]

[  0.          80.         111.89094543 108.         107.9967041
 102.         135.6232605   91.         107.94805908]

[  0.          80.         103.67419434 157.         107.9967041
 127.         123.11404419  98.          97.99700928]

[  0.          80.         118.69996643  80.         136.69941711
 127.         107.60682678  98.          86.07356262]

[  0.         144.         130.78985596 149.         111.89094543
 157.         105.03327942  98.          68.48318481]

[  0.         144.         139.51046753 144.          96.73902893
  80.          97.99700928  78.          69.32887268]

[  0.          50.         121.32025146 146.         107.36419678
  80.          87.13946533  78.          70.7673645 ]

[  0.          64.         109.48706055 144.         124.83486938
  80.          71.26991272  96.          82.74267578]

[  0.          64.         125.76055908 132.         137.30950928
 144.          74.05151367  96.         113.65719604]

[  0.         134.         152.71621704 134.         114.83898926
 144.          78.1570282  156.         122.7901001 ]

[  0.          74.         140.20568848 139.          99.6781311
  50.          93.90365601 130.          93.00741577]

[  0.          62.         104.78170776 173.         121.13652039
  64.         122.90408325  88.          63.76054382]

[  0.          74.          95.68850708 104.         150.14970398
  64.         119.80557251  53.          71.87297058]

[  0.         119.         111.87878418 104.         143.36631775
 134.          87.29374695  61.          97.43043518]

[  0.         131.         125.93725586 116.         105.10624695
  74.          61.57878113 104.         121.13842773]

[  0.         119.         123.74845886 125.          89.33529663
  62.          73.90426636 113.         126.99612427]

[  0.         127.         139.95924377 108.          68.99085999
  27.         114.65144348  83.          91.44087219]

[  0.          98.         111.89094543 108.         113.06057739
 147.         116.90617371  83.          98.81324768]

[  0.          98.          79.99755859 157.         119.12632751
 147.          95.04574585  95.         108.58760071]

[  0.          63.          79.99755859  80.         141.30938721
 127.          90.4236145  107.         113.44020081]

[  0.          60.         113.36914062  80.         111.89094543
 127.          99.15126038 147.         108.63624573]

[  0.          55.         136.96636963  80.          79.99755859
  98.         112.97413635 147.         106.30723572]

[  0.          50.          94.94332886 132.          79.99755859
  98.         123.26832581 159.         105.58769226]

[  0.          64.          68.62530518 132.         114.57525635
  63.         121.32728577 103.         132.01004028]

[  0.         130.          90.92938232  76.         139.02520752
  60.         114.94593811 142.         147.28488159]

[  0.         130.         127.81939697  76.          93.18280029
  55.         109.56002808 156.         115.8543396 ]

[  0.          74.         129.39619446 134.          65.57162476
  50.         136.63348389 142.          79.99052429]

[  0.          62.          89.76869202 151.          83.04098511
  64.         148.13760376  90.          72.18153381]

[  0.          74.          71.93890381 151.         121.13652039
 130.         117.20257568  88.          90.78594971]

[  0.         113.          99.32795715  74.         120.44892883
 130.          82.6786499  104.         108.36416626]

[  0.         131.         125.29771423  74.          83.09094238
  74.          78.75495911 113.         113.23405457]

[  0.         119.         128.08444214 116.          71.08618164
  62.          95.74740601 104.         114.44529724]

[  0.          98.         137.29031372 127.          83.97120667
  73.         106.89813232  83.          89.90890503]

[  0.          98.         111.1111908  127.         134.42227173
 128.         105.23942566  91.         113.17837524]

[  0.          98.          87.45315552 157.         131.84872437
 127.          84.93850708  95.         148.59532166]

[  0.          78.          78.96110535  80.         134.27502441
  91.          90.71298218 184.         149.11003113]

[  0.          78.          94.18920898  80.         110.78855896
  98.         118.65000916 184.         132.65280151]

[  0.          96.         107.9896698   80.          90.54141235
  98.         158.96379089 107.         127.01663208]

[  0.          96.          73.6635437  144.          78.53152466
  98.         149.98648071 103.         125.94429016]

[  0.         156.          58.19924927 144.          84.53837585
  78.         124.65304565 131.         150.5395813 ]

[  0.         130.          80.0116272   50.          93.07525635
  78.         123.3777771  142.         154.07852173]

[  0.          88.         115.35501099  64.          67.33918762
  96.         128.75856018 172.         126.97692871]

[  0.          53.          98.16345215  64.          58.19924927
  96.         151.67654419 142.         104.90844727]

[  0.          61.          66.96850586 134.          86.64526367
 156.         155.68667603 128.         107.96212769]

[  0.         104.          69.02734375  74.         119.64294434
 130.         129.67721558 126.         119.5526886 ]

[  0.         113.          98.90159607  62.          97.87921143
  88.         111.42810059 128.         122.5647583 ]

[  0.         135.         124.9961853   74.          66.96850586
  53.         113.48693848 148.         107.99157715]

[  0.         119.         123.96676636 119.          69.02734375
  61.         124.45202637 132.          95.48236084]

[  0.          95.         113.78334045 147.         101.93286133
 128.          92.95042419 175.         128.30465698]

[  0.         107.         105.03327942 127.         135.52275085
 128.         126.02238464 175.         151.91082764]

[  0.         147.          97.99700928 127.         118.07449341
  83.         138.26083374 184.         168.59983826]

[  0.         147.          81.13452148  98.         108.31039429
  83.         143.07182312 175.         133.41848755]

[  0.         159.          68.18165588  98.         102.97253418
  95.         160.21664429 107.         114.94784546]

[  0.         103.          70.10540771  63.          97.99700928
 107.         162.22361755 107.         134.35824585]

[  0.         142.          70.26481628  60.          82.64216614
 147.         125.679245   159.         147.2035675 ]

[  0.         156.          88.41342163  55.          71.05673218
 147.         118.92721558 167.         157.17381287]

[  0.         142.         118.44326782  50.          75.50538635
 159.         142.54495239 159.         157.62771606]

[  0.          90.         119.80557251  64.          77.80172729
 103.         152.02993774 164.         137.74099731]

[  0.          88.          84.89176941 130.         100.92907715
 142.         158.31399536 142.         130.55235291]

[  0.         104.          63.12290955 130.         124.98080444
 156.         156.82363892 137.         129.3808136 ]

[  0.         113.          76.13467407  74.         115.58416748
 142.         138.38053894 133.         137.49324036]

[  0.         104.         101.98985291  62.          79.79653931
  90.         131.95436096 133.         134.67706299]

[  0.          96.         124.51092529  74.          61.53013611
  88.         130.43968201 148.         108.35009766]

[  0.          93.         124.65304565 113.          79.0789032
 104.         137.99578857  93.          95.78388977]

[  0.          95.          92.99716187 127.         118.55975342
  75.          80.2542572  116.         178.89402771]

[  0.         184.          99.66596985  91.         112.31217957
 116.         128.4621582  175.         182.22491455]

[  0.         184.         111.43000793  98.          92.48757935
  83.         154.74942017 185.         151.48577881]

[  0.         107.         111.43000793  98.          92.12715149
  91.         178.96508789 185.         112.3813324 ]

[  0.         103.         109.4889679   98.         100.3573761
  95.         183.036026   120.         124.99809265]

[  0.         131.         104.13703918  78.         116.99452209
 184.         153.41465759 120.         152.84617615]

[  0.         142.         108.35903931  78.         121.84712219
 184.         114.61174011 120.         169.17153931]

[  0.         172.         139.03546143  96.         122.53340149
 107.         123.53337097 167.         173.46269226]

[  0.         142.         143.67678833  96.         110.59648132
 103.         148.92630005 191.         169.8405304 ]

[  0.         128.         107.93780518 156.         113.47990417
 131.         171.44546509 191.         156.44592285]

[  0.         126.          76.33056641 130.         142.30422974
 142.         178.59762573 191.         143.43415833]

[  0.         128.          74.12257385  88.         144.88290405
 172.         176.03623962 164.         134.32176208]

[  0.         148.          95.74740601  53.         108.99154663
 142.         163.28952026 142.         133.02026367]

[  0.         132.         108.62921143  61.          79.99052429
 128.         146.78746033 128.         122.63903809]

[  0.          99.         114.87678528 104.          80.93159485
 126.         134.87104797 119.         106.55308533]

[  0.          93.         112.6239624  113.          99.70758057
 128.         130.45697021 119.         104.27593994]

[  0.         184.          91.39926147  83.         111.01902771
  75.          83.81370544 175.         168.30856323]

[  0.         175.         120.70884705  83.          98.72489929
 120.         135.0566864  153.         168.13699341]

[  0.         107.         152.6157074   95.          85.74258423
 175.         155.34162903 153.         141.09429932]

[  0.         107.         143.63839722 107.          91.96774292
 175.         163.82342529 132.         116.23205566]

[  0.         159.         133.57467651 147.         128.4480896
 184.         161.15449524  96.         122.90789795]

[  0.         167.         123.3777771  147.         161.80619812
 175.         134.06184387 132.         142.03727722]

[  0.         159.         130.64582825 159.         142.24723816
 107.         114.67254639 120.         166.33485413]

[  0.         164.         154.07852173 103.         125.10372925
 107.         124.11401367 182.         166.22349548]

[  0.         142.         150.5395813  142.         122.212677
 159.         143.10317993 108.         179.81077576]

[  0.         137.         120.75558472 156.         132.63551331
 167.         161.94450378 164.         173.25976562]

[  0.         133.         104.56530762 142.         155.68667603
 159.         155.96257019 164.         153.33847046]

[  0.         133.         109.71240234  90.         151.67654419
 164.         175.1783905  164.         132.46907043]

[  0.         148.         121.878479    88.         124.57495117
 142.         170.54600525 133.         118.48165894]

[  0.          93.         120.52320862 104.         111.08496094
 137.         152.69892883 119.         113.90113831]

[  0.          96.         104.84251404 113.         114.82492065
 133.         130.92494202  98.         127.56973267]

[  0.          93.          94.75447083 104.         127.10176086
 133.         116.08480835 119.         128.32707214]

[  0.         185.         129.34623718  83.         100.38682556
  36.          93.02148438 127.         124.02053833]

[  0.         185.         160.21664429  91.         129.20542908
 120.         135.23147583 105.         119.79150391]

[  0.         120.         163.76774597  95.         138.82931519
 116.         137.76531982  52.         121.20245361]

[  0.         120.         125.679245   184.         144.26065063
 175.         112.01899719 132.         121.19219971]

[  0.         120.         118.24093628 184.         165.63641357
 185.         109.64002991 120.         131.27511597]

[  0.         167.         137.74099731 107.         155.38896179
 185.         122.90789795 158.         138.64749146]

[  0.         191.         147.74069214 103.         120.20761108
 120.         125.45199585 108.         141.57443237]

[  0.         191.         160.54440308 131.         123.86947632
 120.         133.03564453 158.         123.89570618]

[  0.         191.         153.04910278 142.         145.3387146
 120.         135.7359314   85.         159.85299683]

[  0.         164.         135.9785614  172.         152.00752258
 167.         137.52781677 154.         161.39712524]

[  0.         142.         130.0670929  142.         160.948349
 191.         120.87338257 154.         145.76507568]

[  0.         128.         129.58183289 128.         152.48062134
 191.         158.13729858 163.         119.91824341]

[  0.         119.         140.56933594 126.         136.88314819
 191.         160.32096863 103.         113.90113831]

[  0.         119.         129.16059875 128.         131.41020203
 164.         143.53276062 119.         119.51107788]

[  0.         131.         105.24645996 148.         130.58180237
 142.         116.9029541  119.         145.29901123]

[  0.          99.          94.96765137 132.         140.92463684
 128.         115.3934021  164.         142.12049866]

[  0.         153.         180.50921631 175.          91.89477539
  69.          93.02148438 139.          83.04420471]

[  0.         132.         181.32032776 175.         131.96842957
 127.         129.90768433 105.          80.50201416]

[  0.          96.         140.0322113  184.         160.67948914
 175.         122.00140381  52.         113.61177063]

[  0.         132.         112.3813324  175.         180.60972595
 153.          83.04420471 105.         126.0307312 ]

[  0.         120.         130.22459412 107.         182.39648438
 153.          78.58338928  80.         137.28518677]

[  0.         182.         156.99008179 107.         142.04943848
 132.         108.05560303 158.         134.02536011]

[  0.         108.         170.07290649 159.         114.61174011
  96.         122.01034546 108.         150.20669556]

[  0.         164.         173.96524048 167.         127.22850037
 132.         137.28518677 189.         134.68600464]

[  0.         164.         167.62931824 159.         154.21873474
 120.         136.22822571 172.         142.15698242]

[  0.         164.         154.02474976 164.         173.28921509
 182.         159.50473022 154.         130.68743896]

[  0.         133.         141.46879578 142.         178.95292664
 108.         143.43034363  85.         123.41366577]

[  0.         119.         133.32691956 137.         174.47291565
 164.         137.25382996 103.         116.93049622]

[  0.          98.         133.8883667  133.         160.22045898
 164.         119.48866272 102.         144.59866333]

[  0.         119.         117.11100769 133.         144.29200745
 164.         117.31202698 163.         168.52365112]

[  0.         152.         107.70733643 148.         133.46391296
 133.         119.95663452 206.         175.2808075 ]

[  0.         131.         101.70048523  93.         130.61828613
 119.         155.20332336 221.         128.59402466]

[  0.          52.         169.31365967 116.          95.61231995
  69.          85.97496033  87.          72.6111145 ]

[  0.         132.         166.64472961 175.         139.59690857
 127.         117.63406372  62.          70.1764679 ]

[  0.         120.         132.00300598 185.         157.32296753
 127.          96.63661194  52.          89.81864929]

[  0.         158.         118.79022217 185.         164.5340271
 105.          68.28919983  83.         104.62611389]

[  0.         108.         122.05517578 120.         159.04379272
  52.          68.61314392  83.         118.53352356]

[  0.         158.         151.16696167 120.         125.82458496
 132.          87.82061768 109.         126.52302551]

[  0.          85.         163.4886322  120.         118.29089355
 120.         101.44569397  68.         174.43130493]

[  0.         154.         170.2028656  167.         122.90789795
 158.         110.7661438  158.         167.62741089]

[  0.         154.         179.81077576 191.         152.67460632
 108.         120.29977417 172.         138.01820374]

[  0.         163.         170.54600525 191.         156.2122345
 158.         171.31550598 172.         114.39343262]

[  0.         103.         148.9243927  191.         161.59111023
  85.         168.90649414 133.         122.4591217 ]

[  0.         119.         130.0670929  164.         175.1783905
 154.         143.23826599 163.         136.84344482]

[  0.         119.         116.08480835 142.         168.62738037
 154.         123.48150635 133.         183.3740387 ]

[  0.         164.         115.3934021  128.         148.01980591
 163.         130.69256592 175.         211.72145081]

[  0.         162.         131.12083435 119.         128.52296448
 103.         140.81196594 204.         179.03102112]

[  0.         110.         123.61849976 119.         113.33456421
 119.         184.43803406 221.          92.7212677 ]

[  0.          52.         120.25434875 175.         102.97253418
  69.          93.36653137 122.          78.41885376]

[  0.         105.         123.36561584 153.         138.6423645
 127.         133.49145508 122.          88.08566284]

[  0.          80.         116.73138428 153.         133.99078369
 139.         103.21003723  87.         108.32446289]

[  0.         158.         127.51083374 132.         106.69198608
 105.          86.9365387  169.         100.07504272]

[  0.         108.         126.51599121  96.         116.1885376
  52.          97.7146759  109.          94.41645813]

[  0.         189.         148.43209839 132.         119.14361572
 105.         118.81585693 109.         113.13354492]

[  0.         172.         128.94932556 120.         131.82952881
  80.         102.68829346  82.         174.04846191]

[  0.         154.         134.42739868 182.         127.15744019
 158.          95.41130066 184.         178.60466003]

[  0.          85.         159.85299683 108.         145.16714478
 108.         116.38824463 195.         160.21342468]

[  0.         103.         162.03666687 164.         124.93215942
 189.         178.2960968  178.         145.60054016]

[  0.         102.         138.38566589 164.         131.78791809
 172.         181.34274292 150.         144.98854065]

[  0.         163.         119.64807129 164.         158.13729858
 154.         162.02450562 140.         144.38739014]

[  0.         206.         111.79043579 133.         161.22555542
  85.         145.67481995 133.         161.01428223]

[  0.         221.         124.81948853 119.         135.29931641
 103.         142.67681885 140.         166.21324158]

[  0.         152.         148.47370911  98.         117.51626587
 102.         141.90028381 102.         136.86526489]

[  0.          55.         136.31466675 119.         113.90113831
 163.         150.24830627 104.          72.99264526]

[  0.          52.          73.95100403 127.         102.97253418
  52.          90.01644897 132.         109.92558289]

[  0.          83.          92.30897522 105.         131.11380005
 122.         146.40461731 132.         110.6675415 ]

[  0.          83.         110.62915039  52.         117.02075195
  87.         127.85397339  87.         125.12423706]

[  0.         109.         135.39279175 132.          73.95100403
  62.         110.93067932 109.          98.0559082 ]

[  0.          68.         128.70669556 120.          89.59521484
  52.         106.40393066  83.          88.86029053]

[  0.         158.         144.80671692 158.         104.69013977
  83.         117.24609375  82.         100.26068115]

[  0.         172.         141.66146851 108.         132.55038452
  83.          93.52403259  68.         154.4594574 ]

[  0.         172.         140.34208679 158.         128.70669556
 109.          85.15168762  64.         182.63208008]

[  0.         133.         137.25382996  85.         147.92251587
  68.          90.32632446 166.         170.53897095]

[  0.         163.         132.87110901 154.         152.6086731
 158.         140.33755493 188.         148.27972412]

[  0.         133.         117.31202698 154.         146.52432251
 172.         180.42790222 160.         130.57667542]

[  0.         175.         122.87332153 163.         130.31866455
 172.         172.25466919 140.         110.71940613]

[  0.         204.         147.6542511  103.         121.93737793
 133.         149.28482056  95.          90.88264465]

[  0.         221.         174.11248779 119.         112.94790649
 163.         127.87638855  47.          87.53959656]

[  0.          74.         170.17663574 119.         127.22468567
 133.         100.29144287  39.         107.25665283]

[  0.          54.         116.47468567 164.         159.52523804
 175.          77.05845642 104.          93.04389954]

[  0.          87.          66.57350159 139.          97.13212585
  52.          44.66061401 132.         108.20988464]

[  0.         169.          77.7063446  105.         114.96894836
 173.         106.51016235 132.          79.90921021]

[  0.         109.          87.3059082   52.          91.70782471
 122.         131.99597168  57.          81.14990234]

[  0.         109.         114.31343079 105.          63.51791382
 122.         106.07807922  57.          69.24052429]

[  0.          82.         110.59457397  80.          75.49513245
  87.          73.1987915   57.          61.6184845 ]

[  0.         184.         141.0597229  158.          86.04411316
 169.          74.07583618  41.          54.29988098]

[  0.         195.         173.71748352 108.         109.60163879
 109.          63.71380615  41.          97.45285034]

[  0.         178.         165.8182373  189.         103.09223938
 109.          55.57896423  32.         146.88665771]

[  0.         150.         128.31169128 172.         135.10151672
  82.          49.31219482 160.         113.84033203]

[  0.         140.         118.33441162 154.         171.51461792
 184.          93.81018066  32.          95.4977417 ]

[  0.         133.         120.22680664  85.         167.62741089
 195.         135.19821167  16.          76.00090027]

[  0.         140.         145.95906067 103.         134.41523743
 178.          87.92816162  16.          46.48707581]

[  0.         102.         189.75669861 102.         127.77587891
 150.          72.21289062   6.          28.07533264]

[  0.         104.         214.43711853 163.         127.60621643
 140.          57.21334839   6.          46.76296997]

[  0.         104.         161.65000916 206.         149.36804199
 133.          34.62825012   6.          92.83584595]

[  0.          54.          81.55062866 221.         190.40840149
 140.          21.60945129  39.          87.82061768]

[  0.         149.         111.63806152  14.          65.2003479
  94.          78.62690735 119.         112.81985474]

[  0.         124.         119.3343811   82.          95.65202332
  95.         104.59475708 119.         110.93771362]

[  0.          69.         111.09902954  82.          99.28312683
 133.         114.36398315 137.          84.62994385]

[  0.          69.          92.90177917  82.         123.91621399
 119.         116.81269836  89.          96.03164673]

[  0.         116.          92.90177917  63.         134.79998779
 149.         112.74688721  89.         122.80929565]

[  0.         116.          94.60018921  63.         127.76371765
 124.          85.9090271  166.         128.95445251]

[  0.         149.          88.59524536  91.         105.28807068
  69.         103.31245422 139.         135.12261963]

[  0.          84.          78.07571411  91.          98.49443054
  69.         132.18292236 159.         129.35971069]

[  0.          96.          90.12208557  84.          96.092453
 116.         134.32176208 120.         144.8745575 ]

[  0.          96.         107.16830444  59.          89.29881287
 116.         137.38378906 159.         182.06359863]

[  0.         128.         110.0798645   84.          81.68893433
 149.         131.3480835  185.         183.51615906]

[  0.         128.          76.43811035  96.          96.94839478
  84.         152.1650238  226.         170.097229  ]

[  0.         131.          50.70907593  96.         113.85440063
  96.         187.8956604  226.         148.20866394]

[  0.         136.          55.35362244  22.         115.91323853
  96.         195.95753479 157.         159.56362915]

[  0.         153.          77.30621338  22.          86.29187012
 128.         178.09829712 157.         177.16616821]

[  0.          52.          49.82177734  36.          62.60116577
 128.         150.7822113  185.         124.8835144 ]

[  0.         119.         146.52050781 149.          96.53288269
  95.          74.81588745 137.         142.15507507]

[  0.          89.         156.48562622 119.         130.40319824
  95.         119.69993591 142.         149.78736877]

[  0.          71.         136.4254303  178.         127.5402832
 119.         130.75337219 196.         131.94410706]

[  0.          89.         107.77326965 168.         143.60572815
  92.         148.65934753 196.         148.68557739]

[  0.         116.         105.58959961 168.         150.00245667
 119.         163.32087708 188.         164.78178406]

[  0.         116.         106.44744873 112.         123.34832764
  89.         149.7335968  188.         149.88465881]

[  0.         149.         109.35900879 112.          96.41639709
  71.         160.19935608 166.         137.26086426]

[  0.          90.          98.90672302  91.         102.93605042
  89.         168.91162109 136.         128.25791931]

[  0.         180.         104.14920044  91.         109.24443054
 116.         150.96403503 120.         151.05429077]

[  0.         151.         115.91323853  90.         116.96507263
 116.         134.94914246 113.         176.71739197]

[  0.         157.         123.67739868 130.         102.42515564
 149.         124.989151   141.         193.53123474]

[  0.         142.         117.50088501 130.         100.30551147
  90.         143.30419922 141.         177.41201782]

[  0.         142.         107.23423767 130.         110.0798645
 180.         166.25485229 157.         149.81169128]

[  0.         169.         108.73675537  96.         121.06033325
 151.         180.08476257 138.         157.57585144]

[  0.         169.         128.31491089  88.         120.57507324
 157.         169.12670898 142.         173.65667725]

[  0.          52.          88.73736572  93.         113.83007812
 142.         146.83610535 142.         118.13661194]

[  0.         137.         124.65817261 133.          94.82553101
  48.          80.54875183 129.         172.71238708]

[  0.          89.         120.71206665 119.         112.45239258
  94.         128.95445251 175.         196.82241821]

[  0.          89.          86.25920105 149.         112.13357544
 119.         144.32849121 198.         198.14120483]

[  0.         166.          74.19363403 124.         119.72425842
 119.         176.17132568 198.         200.52076721]

[  0.         139.          99.96046448  69.         115.06242371
 137.         197.16555786 217.         190.42056274]

[  0.         159.         115.99645996  69.          83.97311401
  89.         200.40296936 220.         161.6519165 ]

[  0.         120.         135.32685852 116.          76.34594727
  89.         205.70947266 188.         135.48114014]

[  0.         159.         112.37620544 116.         101.38166809
 166.         195.20019531 152.         120.25112915]

[  0.         185.         112.43701172 149.         115.99645996
 139.         165.00009155 133.         116.35879517]

[  0.         226.         123.75358582  84.         135.32685852
 159.         138.01307678 113.         121.11410522]

[  0.         226.         131.21430969  96.         112.97926331
 120.         121.55775452  93.         124.9961853 ]

[  0.         157.         136.36843872  96.         121.30618286
 159.         112.94790649  93.         118.32737732]

[  0.         157.         134.8243103  128.         135.25067139
 185.         112.87875366  93.         106.73490906]

[  0.         185.         143.81890869 128.         138.03739929
 226.         115.62387085  49.         115.00161743]

[  0.         194.         155.49781799 131.         139.83631897
 226.         105.57040405  76.         130.64582825]

[  0.          42.          96.57771301 136.         136.92475891
 157.          93.09957886  78.          97.50793457]

[  0.         196.         116.81269836 119.          83.25035095
  48.          90.12721252 142.         179.32551575]

[  0.         196.         104.51153564  92.         108.8129425
 126.         131.66499329 155.         197.16555786]

[  0.         188.          82.82077026 119.         112.44535828
 137.         147.6574707  196.         201.77552795]

[  0.         188.         103.31245422  89.         120.54049683
 142.         177.17320251 196.         212.6260376 ]

[  0.         166.         123.60443115  71.         105.7906189
 196.         196.82241821 196.         199.83448792]

[  0.         136.         130.37565613  89.          84.62994385
 196.         200.08224487 217.         161.60327148]

[  0.         120.         135.66809082 116.         112.33078003
 188.         210.30215454 152.         140.2434845 ]

[  0.         113.         126.20098877 116.         131.38778687
 188.         196.97479248 136.         115.10403442]

[  0.         141.         155.76799011 149.         136.33195496
 166.         156.84796143 133.          84.94876099]

[  0.         141.         182.06228638  90.         135.80889893
 136.         138.6353302   57.          84.26248169]

[  0.         157.         184.11921692 180.         131.07540894
 120.         111.12466431  57.          92.99716187]

[  0.         138.         163.68643188 151.         161.1736908
 113.          76.76205444  93.          80.94888306]

[  0.         142.         148.20866394 157.         189.95581055
 141.          80.64413452  93.          65.99989319]

[  0.         142.         164.26707458 142.         196.38389587
 141.          92.99716187  85.          72.35823059]

[  0.         167.         177.80570984 142.         170.097229
 157.          83.50704956  59.          95.34727478]

[  0.           5.         102.32273865 169.         150.7822113
 138.          68.41021729  76.          99.46113586]

[  0.         198.         147.80149841 119.          85.92440796
  48.          96.7787323  129.         164.94309998]

[  0.         198.         144.96290588 119.         122.58204651
 127.         131.22647095 155.         177.1245575 ]

[  0.         217.         131.37562561 137.         131.25592041
 129.         142.91944885 155.         173.76934814]

[  0.         220.         156.42481995  89.         155.36595154
 175.         162.02963257 144.         177.89405823]

[  0.         188.         160.50469971  89.         159.9099884
 198.         169.30853271 140.         169.32904053]

[  0.         152.         149.76304626 166.         148.92951965
 198.         164.56347656 140.         140.39776611]

[  0.         133.         132.20402527 139.         165.67098999
 217.         166.79388428 140.         135.10151672]

[  0.         113.         131.68037415 159.         164.78178406
 220.         160.73707581 124.         113.67579651]

[  0.          93.         155.65722656 120.         149.36994934
 188.         138.33892822 152.          73.85049438]

[  0.          93.         180.83828735 159.         130.56964111
 152.         135.24554443 101.          80.64413452]

[  0.          93.         194.66819763 185.         127.05693054
 133.         118.71212769  93.          92.99716187]

[  0.          49.         169.12670898 226.         147.96603394
 113.          80.83108521  93.          90.19827271]

[  0.          76.         150.09593201 226.         169.1683197
  93.          84.26248169  93.          79.41691589]

[  0.          78.         160.39012146 157.         181.69291687
  93.          92.99716187  88.          76.80879211]

[  0.         131.         176.33776855 157.         162.31387329
  93.          90.41145325  85.          95.14625549]

[  0.          42.          91.34739685 185.         147.23814392
  49.          81.56600952 102.         106.99673462]

[  0.         196.         179.77429199 137.          94.03170776
  74.          92.19308472 155.         161.0610199 ]

[  0.         196.         196.82241821 142.         129.93713379
 129.         132.21618652 180.         150.43907166]

[  0.         196.         198.68727112 196.         149.30723572
 142.         154.75263977 155.         138.22113037]

[  0.         217.         200.73394775 196.         182.32029724
 155.         163.57376099 144.         130.05493164]

[  0.         152.         185.9354248  188.         197.16555786
 196.         150.43907166 116.         134.17260742]

[  0.         136.         156.07846069 188.         201.74417114
 196.         136.51568604 116.         133.36853027]

[  0.         133.         132.52284241 166.         206.01100159
 196.         125.93725586 140.         142.97131348]

[  0.          57.         118.12635803 136.         190.42056274
 217.         131.76037598 124.         143.0199585 ]

[  0.          57.         117.75186157 120.         159.24993896
 152.         133.36853027 195.         103.19787598]

[  0.          93.         121.11410522 113.         134.96643066
 136.         146.02690125 111.         100.45275879]

[  0.          93.         126.6043396  141.         119.05014038
 133.         148.05247498 111.         103.88415527]

[  0.          85.         113.29104614 141.         112.92739868
  57.         105.48205566 111.         106.83732605]

[  0.          59.         109.05557251 157.         112.87875366
  57.         103.54101562 131.          96.73199463]

[  0.          76.         115.14373779 138.         116.76083374
  93.         108.39361572 127.          92.76669312]

[  0.         107.         136.92475891 142.          99.7978363
  93.         113.42803955  88.         104.06788635]

[  0.         107.          74.90101624 142.          96.09757996
  85.         100.86505127 102.         106.99673462]

[  0.         155.         184.55070496 129.         101.26899719
  74.          96.54826355 142.         159.21858215]

[  0.         144.         197.16555786 175.         133.11373901
 129.         138.20193481 142.         146.68182373]

[  0.         140.         203.68521118 198.         152.23286438
 129.         151.66950989 148.         132.23156738]

[  0.         140.         214.41983032 198.         182.92848206
 155.         154.90179443 132.         119.70697021]

[  0.         140.         191.99926758 217.         196.82241821
 155.         145.12553406 132.         121.57695007]

[  0.         124.         156.84796143 220.         201.43238831
 144.         132.16241455 115.         126.00128174]

[  0.         152.         138.12062073 188.         212.6260376
 140.         121.24406433 116.         151.22073364]

[  0.         101.         107.69326782 152.         188.16773987
 140.         119.77099609 115.         161.23068237]

[  0.          93.          82.93856812 133.         152.68164062
 140.         122.94950867 195.         113.48181152]

[  0.          93.          86.82064819 113.         136.98365784
 124.         150.31614685 117.         112.45239258]

[  0.          93.          92.99716187  93.         102.06472778
 152.         161.65704346 117.         119.96688843]

[  0.          88.          75.95797729  93.          75.34085083
 101.         114.51123047 111.         130.3097229 ]

[  0.          85.          66.86608887  93.          84.26248169
  93.         113.05545044 135.         117.53355408]

[  0.         102.          73.76727295  49.          92.99716187
  93.         120.25112915 127.         107.54792786]

[  0.         107.         102.87715149  76.          79.57632446
  93.         130.71176147 127.         117.16799927]

[  0.         107.          90.51577759  78.          67.71559143
  88.         120.30490112 127.         116.772995  ]

[  0.         155.         169.06399536 142.         106.21507263
  67.         140.22428894 164.         146.53970337]

[  0.         144.         176.34289551 155.         132.1502533
 120.         157.14245605 142.         149.08380127]

[  0.         116.         173.48510742 196.         146.45648193
 155.         149.54473877 160.         143.59356689]

[  0.         116.         180.00476074 196.         164.94309998
 180.         147.39242554 160.         134.66490173]

[  0.         140.         162.7959137  196.         168.20292664
 155.         152.27960205 160.         119.36383057]

[  0.         124.         137.65264893 217.         164.16143799
 144.         148.39752197 132.         119.11416626]

[  0.         195.         136.78967285 152.         168.28614807
 116.         138.68719482 115.         143.51928711]

[  0.         111.         102.41299438 136.         156.11816406
 116.         121.00143433 137.         148.61392212]

[  0.         111.          73.28201294 133.         135.59381104
 140.         120.57698059 137.         113.73660278]

[  0.         111.          84.26248169  57.         137.84663391
 124.         141.60900879 117.         103.89631653]

[  0.         131.          92.99716187  57.         108.18556213
 195.         142.78436279  98.         102.32273865]

[  0.         127.          89.03889465  93.          80.02700806
 111.         112.38645935  76.         117.19554138]

[  0.          88.          76.59048462  93.          86.82064819
 111.          99.49952698  76.         126.75349426]

[  0.         102.          79.72547913  85.          92.99716187
 111.          94.61235046 126.         126.82455444]

[  0.         107.          98.61735535  59.          89.34042358
 131.         111.19441223 127.         136.48110962]

[  0.         107.         106.99673462  76.          79.41691589
 127.         126.65298462 126.         132.05487061]

[  0.         148.         159.28451538 129.         101.42840576
  75.         167.30859375 145.         141.9956665 ]

[  0.         132.         148.55180359 155.         135.73402405
 140.         164.07118225 124.         155.6277771 ]

[  0.         132.         135.82940674 155.         159.11294556
 142.         143.99560547 142.         160.85296631]

[  0.         115.         130.05493164 144.         161.0610199
 142.         138.90740967 160.         152.69892883]

[  0.         116.         135.87805176 140.         148.55180359
 148.         153.81860352 165.         135.32685852]

[  0.         115.         130.62341309 140.         133.41717529
 132.         161.20826721 150.         132.60093689]

[  0.         195.         150.83085632 140.         125.93725586
 132.         154.4805603  150.         136.99581909]

[  0.         117.         131.9249115  124.         134.17260742
 115.         139.62313843 137.         128.71182251]

[  0.         117.         102.39379883 152.         130.62341309
 116.         136.11877441 137.         109.64134216]

[  0.         111.         100.45275879 101.         155.152771
 115.         136.99581909 117.          89.61250305]

[  0.         135.         105.30535889  93.         135.9855957
 195.         128.71182251 101.          80.28692627]

[  0.         127.         106.05053711  93.         104.91357422
 117.         109.85452271  76.         102.77342224]

[  0.         127.          93.65911865  93.         103.54101562
 117.          89.91403198 101.         127.78291321]

[  0.         127.          95.47019958  88.         110.40380859
 111.          82.06343079 126.         125.94941711]

[  0.         148.         104.92573547  85.         112.67070007
 135.         105.28616333 135.         126.57679749]

[  0.         106.         106.99673462 102.          96.73199463
 127.         128.35139465 111.         120.42079163]

[  0.         160.         157.13220215 155.         106.84757996
 164.         132.93572998  84.         131.45181274]

[  0.         160.         144.43925476 180.         140.89006042
 172.         147.38348389 124.         149.45126343]

[  0.         160.         129.41729736 155.         153.4460144
 164.         115.36585999 142.         162.06611633]

[  0.         132.         118.49894714 144.         153.72834778
 142.         131.45181274 160.         160.66923523]

[  0.         115.         124.0602417  116.         142.73571777
 160.         149.45126343 165.         154.55162048]

[  0.         137.         124.32206726 116.         130.17272949
 160.         162.06611633 161.         149.51016235]

[  0.         137.         164.04173279 140.         119.53540039
 160.         161.45089722 161.         128.14012146]

[  0.         117.         147.24517822 124.         121.57695007
 132.         156.43888855 150.         102.63452148]

[  0.          98.         113.48181152 195.         121.71203613
 115.         151.53955078  67.          96.99513245]

[  0.          76.         112.02603149 111.         163.40219116
 137.         124.47253418  64.          93.68856812]

[  0.          76.         123.68252563 111.         147.84823608
 137.          91.83265686  98.          91.6905365 ]

[  0.         126.         129.33920288 111.         114.51123047
 117.          91.4549408   98.         115.29801941]

[  0.         127.         113.61367798 131.         112.45239258
  98.          94.95036316 101.         143.02508545]

[  0.         126.         108.95506287 127.         124.08456421
  76.          93.90174866 149.         135.97343445]

[  0.         154.         119.16281128  88.         129.6234436
  76.         116.93240356 180.         111.68289185]

[  0.         106.         113.78846741 102.         117.53355408
 126.         148.53451538 111.         102.02633667]

[  0.         142.         148.42184448 142.         145.64727783
 164.          99.65380859  74.         119.3203125 ]

[  0.         160.         147.47564697 142.         156.48049927
 172.         122.76577759  74.         146.36300659]

[  0.         165.         143.59356689 148.         147.33352661
 145.          85.00253296 142.         161.98802185]

[  0.         150.         130.96655273 132.         149.62796021
 124.         114.29483032 142.         174.37944031]

[  0.         150.         118.25631714 132.         151.14263916
 142.         145.08392334 190.         173.00688171]

[  0.         137.         120.57698059 115.         148.39752197
 160.         161.95535278 190.         149.57800293]

[  0.         137.         151.56005859 116.         134.66490173
 165.         178.95292664 190.          96.3069458 ]

[  0.         117.         139.35296631 115.         119.36383057
 150.         177.98240662  69.          67.09846497]

[  0.         101.         112.38645935 195.         122.71713257
 150.         146.73690796  69.          79.80870056]

[  0.          76.         101.72993469 117.         147.29382324
 137.          88.30778503  69.          99.23960876]

[  0.         101.         104.73497009 117.         135.23147583
 137.          67.65478516 101.          99.28121948]

[  0.         126.         119.94447327 111.         110.47677612
 117.          80.52442932 101.         110.98635864]

[  0.         135.         126.82455444 135.          96.86195374
 101.          99.75431824  97.         133.26289368]

[  0.         111.         126.75349426 127.          96.3177948
  76.          99.29850769  97.         140.68844604]

[  0.         111.         140.58149719 127.         115.65141296
 101.         106.88919067  87.         130.59587097]

[  0.          87.         124.4225769  127.         126.75349426
 126.         121.42779541 180.         109.90126038]

[  0.         142.         145.08392334 164.         168.68115234
  61.         122.01165771 147.         102.16333008]

[  0.         160.         156.90686035 142.         160.78894043
 176.         132.52987671  74.         129.98577881]

[  0.         165.         161.20826721 160.         140.32157898
  84.          99.04693604 142.         141.46176147]

[  0.         161.         148.8187561  160.         141.9956665
 124.         102.16333008  72.         168.67089844]

[  0.         161.         133.61819458 160.         155.6277771
 142.         125.01156616 170.         156.57910156]

[  0.         150.         133.8883667  132.         161.71081543
 160.         133.00488281  94.         125.56085205]

[  0.          67.         136.99581909 115.         150.98323059
 165.         159.83892822 131.          66.42434692]

[  0.          64.         125.28042603 137.         138.41511536
 161.         142.73762512  69.          62.78489685]

[  0.          98.         106.59469604 137.         136.37547302
 161.         119.63078308  54.          70.54905701]

[  0.          98.          85.62478638 117.         136.99581909
 150.          65.35844421  54.          88.9070282 ]

[  0.         101.          82.06343079  98.         125.28042603
  67.          60.21134949  54.          89.44796753]

[  0.         149.         109.57540894  76.         106.89622498
  64.          65.70158386  97.          79.40475464]

[  0.         180.         128.52296448  76.          85.83796692
  98.          83.89883423  45.          79.47068787]

[  0.         111.         124.14346313 126.          84.57617188
  98.          85.35079956  68.         116.5406189 ]

[  0.         115.         129.3910675  127.         111.35191345
 101.          72.11750793  50.         165.92196655]

[  0.          87.         113.8908844  126.         129.32704163
 149.          73.92668152 180.         134.3704071 ]

[  0.         142.         134.54006958 145.         145.06282043
  61.         152.49981689 181.         114.10597229]

[  0.         142.         152.53952026 124.         136.2179718
 139.         169.65679932 131.         113.93571472]

[  0.         190.         162.92396545 142.         117.89398193
  74.         142.25558472 131.         122.48857117]

[  0.         190.         158.87734985 160.         134.54006958
  74.         119.05335999  93.         148.05438232]

[  0.         190.         154.55162048 165.         152.53952026
 142.         114.32237244 198.         106.85652161]

[  0.          69.         147.421875   150.         162.92396545
 142.         126.58895874 110.          96.33830261]

[  0.          69.         122.24212646 150.         159.98295593
 190.         152.00561523  94.          65.35844421]

[  0.          69.         100.41114807 137.         156.43888855
 190.         105.83544922  69.          65.70158386]

[  0.         101.          97.80302429 137.         149.51016235
 190.          92.6194458   69.          73.46574402]

[  0.         101.          91.17582703 117.         116.13023376
  69.          66.42434692 101.          73.94778442]

[  0.          97.          94.41645813 101.          90.10992432
  69.          70.54905701 101.          62.18505859]

[  0.          97.         121.22164917  76.          93.73530579
  69.          81.52952576  43.          54.28259277]

[  0.          87.         146.13253784 101.          93.17385864
 101.          74.83448792  44.          63.63058472]

[  0.         180.         128.65805054 126.          95.9797821
 101.          56.68647766  68.         108.21179199]

[  0.         122.         111.96713257 135.         123.53337097
  97.          54.18208313  68.         179.99450684]

[  0.         115.          97.62442017 111.         152.28985596
  97.          64.90966797 180.         160.77487183]

[  0.         142.         125.96157837  84.         115.66548157
 139.         155.49459839 181.         140.21594238]

[  0.          72.         148.17218018 124.         109.69511414
 147.         191.85714722 169.         118.1730957 ]

[  0.         170.         165.90145874 142.          87.84494019
 147.         169.50442505 131.         140.612854  ]

[  0.          94.         173.97740173 160.         122.40856934
  74.         144.03530884 110.         171.15228271]

[  0.         131.         173.00688171 165.         146.36300659
 142.         119.38111877 198.         129.30975342]

[  0.          69.         139.87411499 161.         167.13511658
  72.         142.32151794 166.         116.72434998]

[  0.          54.          87.96464539 161.         178.66868591
 170.         175.13165283 166.          97.76844788]

[  0.          54.          66.79693604 150.         177.98240662
  94.         140.05462646 160.          92.91584778]

[  0.          54.          85.49995422  67.         133.7935791
 131.         130.42752075 108.         104.58259583]

[  0.          97.          99.23960876  64.          82.40979004
  69.         109.68617249 108.          96.11296082]

[  0.          45.          99.29850769  98.          67.44160461
  54.          97.33314514 112.          71.85246277]

[  0.          68.         115.81082153  98.          86.15678406
  54.         106.06782532 139.          62.24777222]

[  0.          50.         135.66809082 101.          99.75431824
  54.         104.04034424  74.          71.85568237]

[  0.         180.         140.36187744 149.          99.10964966
  97.          83.63319397  74.         117.78512573]

[  0.         180.         126.87641907 180.         110.30007935
  45.          65.68942261  82.         179.99450684]

[  0.         122.         106.58956909 111.         122.62556458
  68.          73.45358276 180.         156.41647339]

[  0.         131.         113.83007812  74.         128.35842896
 139.         151.06132507 131.         150.55496216]

[  0.          93.         125.01156616  74.         127.91096497
 189.         182.03414917 131.         141.81193542]

[  0.         198.         153.25012207 142.          91.70973206
 181.         149.64715576 169.         162.71972656]

[  0.         110.         163.27032471 142.         113.83007812
 131.         149.43588257 170.         194.37179565]

[  0.          94.         159.20832825 190.         117.97589111
 131.         149.89491272 208.         182.53347778]

[  0.          69.         108.99345398 190.         146.26571655
  93.         169.46090698 208.         175.57530212]

[  0.          69.          65.35844421 190.         152.20019531
 198.         198.36141968 203.         151.74569702]

[  0.         101.          62.78489685  69.         146.45648193
 110.         189.3841095  178.         137.59887695]

[  0.         101.          73.7653656   69.         104.80090332
  94.         180.57324219 160.         138.30625916]

[  0.          43.          91.96261597  69.          63.85079956
  69.         157.25       207.         129.73098755]

[  0.          44.          85.35079956 101.          60.21134949
  69.         149.8603363  139.         123.22480774]

[  0.          68.          81.03913879 101.          67.97550964
 101.         150.17533875 139.          96.97462463]

[  0.          68.          77.18650818  97.          88.2207489
 101.         132.44474792 139.          96.4234314 ]

[  0.         180.         135.12583923  97.          79.84005737
  43.         127.84371948 116.         127.31362915]

[  0.         180.         160.09240723  87.          74.42922974
  44.         106.49227905 134.         163.68643188]

[  0.         150.         129.54534912 180.          71.40690613
  68.         104.33996582 134.         133.36662292]

[  0.         131.         120.94062805 147.         158.09378052
 114.          91.01832581 118.         134.8313446 ]

[  0.         110.         104.19975281  74.         168.85272217
 207.         140.70823669 118.         156.86334229]

[  0.         198.         139.79983521 142.         132.04270935
 181.         123.3809967  118.         178.97212219]

[  0.         166.         134.16235352  72.         123.88545227
 169.         129.90065002 169.         197.91586304]

[  0.         166.         109.43841553 170.         105.52879333
 131.         151.66629028 170.         200.42025757]

[  0.         160.          88.3302002   94.         144.10636902
 110.         176.17132568 203.         183.48480225]

[  0.         108.          63.85079956 131.         137.76019287
 198.         193.74119568 178.         157.9362793 ]

[  0.         108.          67.97550964  69.         106.85652161
 166.         198.14120483 160.         149.11515808]

[  0.         112.          73.46574402  54.          85.70097351
 166.         179.69297791 112.         145.34706116]

[  0.         139.          74.14820862  54.          65.35844421
 160.         152.71621704  98.         122.01356506]

[  0.          74.          57.02961731  54.          73.7653656
 108.         136.5451355   98.         119.78315735]

[  0.          74.          58.29975891  97.          81.52952576
 108.         131.4780426   98.         109.16120911]

[  0.          82.          61.82141113  45.          72.06051636
 112.         114.97920227  85.         102.96740723]

[  0.         180.         129.23678589  68.          53.09185791
 139.         111.82501221  74.         108.80078125]

[  0.         180.         179.99450684  50.          58.22869873
  74.         100.74916077  74.         114.42800903]

[  0.          85.         152.81350708 180.          63.63058472
  74.          94.48239136  72.          92.7180481 ]

