89 210 73 109 105 184 8 195 139 81 48 244 10 56 183 149 138 231 137 148 32 65 41 170 40 178 62 72 243 103 242 28 25 48 100 13 151 87 41 177 135 141 190 31 228 231 208 108 116 142 139 89 117 91 197 233 233 80 66 94 171 7 71 148 87 138 242 2 145 57 150 233 195 136 235 85 194 130 62 133 10 41 218 204 171 24 82 182 66 44 130 237 69 212 163 135 1 38 116 70 250 24 205 251 62 65 65 56 89 14 52 151 80 117 208 169 132 4 65 212 121 17 125 253 21 190 209 142
207 79 140 228 13 93 115 221 172 255 193 186 92 52 151 9 51 88 195 144 141 90 153 192 178 92 80 63 182 233 0 104 69 80 168 251 58 168 100 127 248 12 123 50 180 223 178 172 235 45 223 159 12 145 75 247 190 42 150 202 187 225 193 121 12 87 67 199 56 4 65 68 91 132 12 148 137 77 216 228 209 228 120 90 49 81 63 3 53 183 93 103 8 156 106 62 84 199 165 92 100 15 154 184 214 63 20 58 78 175 242 37 238 7 95 61 182 82 98 164 89 193 225 15 19 67 179 108
5 149 123 24 216 47 133 221 196 0 246 156 47 123 122 243 123 112 144 171 235 10 158 102 122 46 17 101 56 176 203 178 222 221 23 23 141 227 201 107 192 225 130 77 196 76 184 132 45 59 209 241 135 137 117 180 196 70 165 75 207 26 255 148 96 164 223 47 190 223 195 30 131 163 78 66 130 17 96 5 180 174 71 54 192 168 60 116 86 131 171 22 43 231 139 130 106 54 152 150 29 35 24 135 89 176 29 118 212 53 254 45 230 27 164 186 81 162 231 55 189 139 241 14 45 216 69 235
100 54 249 145 15 63 124 115 117 118 4 132 181 129 247 42 247 252 175 172 125 166 214 116 162 133 32 31 44 246 147 206 124 179 238 168 170 129 118 38 53 100 206 223 230 68 5 27 169 211 250 143 23 255 170 192 210 164 79 233 163 249 170 117 157 249 94 64 243 8 181 144 2 20 209 245 28 134 133 30 154 86 19 183 221 153 213 119 239 233 46 204 130 4 68 113 237 114 62 111 118 130 224 99 244 30 210 107 160 179 206 149 209 161 0 114 84 206 7 37 111 7 151 195 213 158 233 69
165 128 8 123 31 241 192 196 114 200 63 145 186 255 85 44 200 149 189 130 148 18 174 92 167 107 222 60 125 140 152 37 247 119 97 117 3 249 154 251 112 251 112 116 244 10 111 101 5 223 217 249 233 72 94 238 39 55 231 16 127 70 254 166 125 229 182 253 43 180 163 169 154 90 166 197 14 73 110 168 163 20 110 178 94 220 90 1 241 200 179 79 165 14 80 150 214 4 229 123 18 53 17 232 57 246 100 75 44 117 52 101 108 152 177 152 13 229 253 121 125 174 17 138 147 15 4 16
189 21 155 81 36 159 97 226 180 252 51 217 155 148 187 80 145 238 41 44 130 228 124 19 210 165 64 84 137 188 104 91 98 168 176 235 100 24 71 198 192 247 178 36 15 249 235 207 240 157 243 255 150 222 206 134 123 193 133 17 160 83 151 27 20 28 45 180 111 196 208 132 225 253 56 80 193 8 212 162 5 13 243 199 21 199 105 27 212 92 226 234 36 75 5 248 168 231 226 204 50 231 196 218 206 167 166 1 142 107 219 93 18 130 94 160 237 57 253 255 187 91 159 168 149 157 167 80
248 71 249 141 228 160 222 220 231 215 106 203 119 72 168 95 31 18 42 150 90 210 245 121 228 32 15 62 242 5 183 215 37 199 21 23 204 205 238 241 148 4 8 96 209 247 81 101 251 89 197 204 80 22 49 75 111 246 23 192 12 72 11 123 62 35 59 74 107 71 198 170 106 1 244 213 72 186 127 178 188 116 136 4 46 7 183 234 123 63 239 170 70 166 148 194 229 131 108 43 41 0 237 14 132 89 58 173 90 39 188 222 129 246 139 219 29 71 185 158 61 68 121 91 140 50 249 201
119 115 36 3 165 30 204 28 145 241 31 54 15 236 83 160 221 114 214 236 94 41 140 59 156 98 39 250 140 179 54 40 22 93 34 162 17 88 202 39 182 236 201 199 69 147 238 251 127 183 194 196 74 176 191 201 103 129 142 177 49 77 122 152 207 8 73 0 86 196 153 37 204 226 37 34 166 190 71 115 161 109 149 71 43 221 186 204 74 80 20 117 45 206 66 119 30 86 236 75 36 46 194 67 132 175 142 169 221 81 236 98 0 122 11 221 203 247 63 203 113 74 169 61 65 232 8 179
51 177 240 116 154 248 39 205 170 23 65 68 16 105 17 186 128 82 254 144 187 15 74 60 97 72 204 29 87 23 89 185 95 37 214 183 60 47 112 156 84 70 83 145 117 195 45 201 9 128 90 126 67 135 71 76 7 162 202 74 41 17 150 49 179 96 123 221 114 18 14 37 114 137 2 228 155 16 10 14 154 12 242 53 29 252 67 183 9 54 236 38 50 48 221 59 102 201 97 152 249 62 212 95 8 53 248 1 116 204 97 124 1 89 125 117 37 222 241 38 55 111 156 92 77 141 131 133
252 31 225 74 172 100 207 169 131 176 243 48 21 194 217 152 114 204 200 135 142 161 32 0 109 232 136 251 138 168 252 247 144 132 243 26 44 239 18 188 115 5 215 159 244 233 91 103 238 50 6 226 27 97 73 9 148 79 235 175 176 52 185 68 131 164 244 52 217 173 120 92 81 108 144 42 25 9 135 107 117 23 149 143 32 28 250 150 52 143 37 84 172 31 234 224 174 15 52 90 46 31 58 221 46 111 55 93 142 114 58 188 225 113 25 111 227 83 43 196 197 69 51 168 152 95 109 93
164 160 6 60 255 115 154 163 19 160 224 19 19 122 182 38 26 150 57 45 16 240 83 42 134 141 87 151 125 171 193 3 56 25 154 181 196 92 184 252 117 83 177 57 175 105 53 36 188 230 93 107 79 146 143 12 120 236 119 199 126 7 211 246 243 75 190 114 82 145 104 69 220 38 183 46 184 32 116 148 70 43 195 254 75 55 147 146 98 86 144 174 141 35 64 239 121 208 157 6 244 221 246 109 174 147 116 162 113 106 15 31 253 131 193 110 237 208 141 235 84 78 89 65 31 231 44 115
53 134 180 84 109 225 199 162 103 124 247 212 93 190 118 196 58 109 152 151 44 14 91 102 124 243 254 168 2 89 14 126 77 12 38 79 102 52 205 179 65 243 2 167 39 207 90 104 194 92 15 233 43 105 82 237 197 97 214 240 203 40 221 144 138 180 129 85 220 94 229 102 18 102 187 239 197 161 85 215 7 17 198 204 178 28 164 185 45 106 134 223 134 42 152 179 148 30 146 27 72 43 206 221 73 97 248 146 140 198 111 213 39 103 103 179 45 214 137 85 61 240 8 107 199 145 192 4
130 200 111 73 90 47 77 220 248 189 37 82 236 114 46 228 47 83 54 28 197 100 0 245 183 55 17 125 155 17 114 83 72 131 208 228 148 66 55 221 197 7 193 89 73 248 54 14 255 247 103 72 239 158 86 238 149 189 54 133 91 140 115 241 74 170 118 165 54 233 150 128 147 12 38 202 246 188 74 137 201 112 83 191 45 158 72 246 14 156 181 59 58 253 49 72 153 230 132 211 228 181 28 125 156 160 81 128 85 109 253 241 13 78 113 98 187 111 84 200 189 197 43 121 52 127 65 242
68 108 107 121 235 172 107 48 25 214 169 4 130 20 52 155 234 221 160 108 241 212 8 219 178 168 72 163 124 80 127 46 248 199 210 116 23 81 163 15 24 117 131 47 198 38 62 222 155 193 13 97 232 75 63 131 12 76 229 244 151 36 120 164 113 93 152 8 129 16 172 242 109 69 251 239 85 167 225 195 236 220 178 66 132 147 5 112 112 183 178 244 74 183 100 186 110 23 174 185 206 19 115 61 42 34 246 248 53 105 53 95 139 43 87 192 149 141 31 32 184 119 225 77 4 0 110 188
119 79 10 123 79 120 56 199 199 66 66 22 186 122 221 129 188 32 151 118 154 117 247 87 149 143 205 47 4 197 134 153 84 84 200 88 25 79 241 109 163 185 197 188 8 182 41 171 111 238 103 120 164 144 35 19 126 139 139 34 27 175 54 154 58 193 188 85 112 242 239 170 180 172 0 36 158 239 207 82 155 207 119 58 190 70 140 90 21 3 148 211 73 32 45 94 36 193 50 109 226 95 204 6 33 254 115 3 93 63 9 126 61 124 129 155 188 138 25 249 7 155 148 195 37 174 188 44
73 81 239 110 255 172 155 72 253 138 182 252 54 81 68 51 220 250 47 18 76 115 70 40 110 117 58 186 233 128 226 87 246 28 17 223 157 243 54 147 15 71 114 172 58 168 63 73 239 177 246 41 89 53 114 72 231 104 113 64 158 228 137 133 76 250 197 234 222 78 111 43 73 53 21 39 131 133 82 204 186 104 244 61 237 70 10 167 174 254 228 155 68 238 66 243 236 39 142 49 21 209 36 2 248 178 51 13 131 87 15 123 9 66 137 141 153 152 8 163 219 145 48 116 42 56 23 5
202 71 121 244 128 145 249 74 216 114 62 88 3 55 162 220 169 224 52 173 23 215 137 193 183 189 110 207 148 247 144 76 180 254 27 73 245 171 149 169 169 176 242 158 91 135 71 4 55 58 162 146 193 233 150 249 35 56 139 229 34 34 222 69 90 105 42 124 139 8 194 230 114 236 98 253 245 36 227 103 17 70 100 6 106 72 109 123 142 209 129 248 25 238 116 167 192 245 160 217 228 20 129 164 9 33 125 237 53 254 145 62 31 15 44 84 13 189 147 45 204 191 129 218 124 20 7 73
211 136 35 80 157 42 153 112 178 188 192 79 230 89 192 152 21 128 232 251 218 168 148 239 40 124 235 2 36 127 242 76 251 221 79 31 92 65 107 87 30 186 118 122 251 225 209 25 156 71 147 151 40 100 177 196 171 68 92 212 169 13 152 84 81 244 40 250 1 193 79 83 181 119 77 183 56 156 10 238 20 87 165 76 244 175 58 8 6 223 84 250 142 143 2 149 110 87 143 253 230 146 146 84 233 33 81 207 179 227 35 156 5 117 107 184 88 143 85 93 4 192 22 92 79 107 186 83
43 208 176 123 59 106 206 102 58 126 225 117 232 176 219 34 46 189 151 23 109 115 57 155 48 209 178 157 68 236 56 116 189 235 17 1 215 73 117 148 52 134 149 11 207 10 159 4 144 52 15 95 62 175 99 206 227 115 46 34 34 145 240 5 4 30 39 38 176 24 44 180 54 83 219 230 107 7 155 162 90 118 136 198 125 35 104 215 153 240 157 22 20 5 238 173 246 139 196 10 145 178 183 135 61 123 145 206 45 72 85 107 196 230 57 241 47 143 92 243 117 150 228 164 37 65 151 154
215 124 63 252 189 214 150 148 82 213 144 15 172 38 163 254 252 51 14 168 90 177 166 86 229 180 254 63 102 164 149 75 89 147 138 191 55 31 10 144 178 148 79 233 179 89 122 101 237 201 78 160 35 200 5 16 146 84 177 181 28 182 197 174 10 118 99 39 45 41 213 55 159 57 94 204 98 52 4 1 109 98 206 207 150 210 208 3 52 158 210 203 112 163 206 165 65 161 112 178 68 62 87 133 223 199 55 35 5 142 169 229 85 224 8 91 111 177 64 196 146 72 31 1 250 95 197 140
168 229 141 162 68 82 46 236 55 187 142 124 13 188 104 69 119 247 193 133 179 41 202 43 32 139 176 212 180 122 255 213 5 175 169 185 41 168 142 46 87 55 231 128 223 118 174 54 173 149 182 141 11 100 195 185 250 122 70 5 222 9 190 216 131 4 222 98 14 156 58 145 161 24 243 175 181 46 64 86 70 52 5 251 98 69 81 168 121 86 164 219 156 245 132 21 76 40 241 232 29 117 253 105 157 238 81 186 99 79 36 0 61 117 187 161 196 223 161 2 84 92 163 25 59 68 27 144
161 190 169 220 2 196 108 163 130 21 128 132 217 236 40 91 2 168 224 219 148 8 55 150 176 23 114 68 31 169 219 207 192 77 19 223 246 238 174 182 59 193 149 49 176 67 231 235 4 124 29 180 191 4 160 196 129 189 120 64 193 24 4 66 213 125 131 151 149 135 217 107 4 92 2 154 228 219 5 232 56 7 130 28 226 135 4 26 142 135 54 113 14 59 139 157 194 194 14 208 253 153 109 191 91 123 143 88 21 253 23 112 120 167 201 141 164 224 254 28 135 199 170 43 167 168 72 47
111 242 90 22 154 162 69 9 148 160 31 46 66 101 55 215 5 87 5 71 188 61 30 193 148 36 8 80 97 39 17 245 75 25 69 172 64 86 161 139 111 230 55 176 60 216 59 171 190 115 91 250 75 151 166 10 10 1 4 85 152 170 95 162 172 100 248 68 14 87 231 186 187 223 255 202 54 230 132 242 197 131 188 251 105 64 237 46 196 169 42 45 234 23 92 174 193 134 219 171 157 55 89 94 189 52 9 91 108 98 185 41 151 195 132 3 37 62 44 188 1 177 191 38 239 236 227 240
157 162 22 140 142 249 124 43 156 146 183 42 140 51 86 40 198 13 82 82 65 168 122 7 182 204 89 247 117 211 254 43 159 87 34 20 42 32 63 201 119 97 222 161 129 29 106 248 127 72 153 0 102 4 249 229 76 146 229 178 150 222 151 227 113 125 149 7 91 45 234 204 170 128 212 5 173 190 210 87 62 166 92 235 100 46 66 163 212 159 142 57 205 209 220 162 112 106 219 61 59 183 223 171 33 186 233 93 113 200 8 147 131 241 240 244 186 248 135 61 234 119 49 164 112 185 225 90
48 18 254 160 203 223 250 252 241 248 156 189 215 151 185 201 143 85 134 103 236 63 48 124 148 182 227 129 245 19 253 137 201 224 10 190 243 7 71 188 231 82 122 218 89 193 150 65 19 16 27 109 210 178 174 229 194 201 82 148 123 0 122 62 202 204 210 69 205 76 131 151 25 86 220 230 162 96 125 187 182 89 161 88 185 30 20 111 120 181 200 49 212 220 161 76 145 105 125 101 69 30 177 214 135 47 60 204 77 237 163 213 28 223 161 106 204 68 63 233 35 224 83 240 37 146 217 72
114 44 56 151 190 17 224 48 61 24 200 251 42 168 44 103 192 244 99 234 156 143 82 92 131 181 71 31 68 153 123 199 78 194 230 146 91 97 89 169 36 63 59 127 160 148 41 196 211 100 68 116 249 109 56 204 209 124 64 202 233 121 151 187 245 215 133 223 80 28 154 70 244 31 37 68 60 191 138 48 222 175 116 26 110 255 74 77 174 191 103 29 190 178 106 108 113 209 137 47 131 243 155 244 197 37 35 72 24 191 61 221 228 96 38 252 31 99 218 3 195 0 0 227 99 218 230 38
218 230 9 61 192 240 99 154 214 109 215 151 93 59 49 51 168 9 202 5 68 252 56 236 5 3 241 73 255 41 53 4 44 38 77 43 79 130 47 124 168 124 167 247 254 215 115 166 83 27 158 82 242 17 248 69 44 150 151 30 168 144 100 212 38 251 243 206 139 87 163 178 82 150 128 222 237 35 144 63 185 16 29 166 52 173 230 237 190 3 148 242 177 122 223 111 125 115 97 46 237 64 157 107 180 254 153 161 63 55 12 243 53 166 148 116 221 161 103 18 71 252 135 36 157 238 54 228
234 189 8 135 172 62 107 150 252 115 30 168 178 137 62 174 253 92 86 175 230 148 93 227 241 179 146 215 71 239 186 56 162 76 15 233 59 201 34 221 21 49 198 80 251 232 45 16 26 244 97 21 220 142 37 246 130 134 11 95 21 49 85 151 183 97 246 204 146 76 100 73 173 90 22 63 166 122 136 83 212 158 146 123 24 27 206 237 185 97 104 210 124 54 191 53 151 39 7 19 93 198 73 245 237 80 8 75 23 81 64 4 162 72 79 185 154 143 189 60 216 13 245 114 156 178 174 116
191 163 230 92 85 148 208 21 55 183 113 141 75 65 162 131 248 19 16 68 84 178 199 77 197 215 145 25 137 88 102 78 47 247 103 184 79 206 6 126 197 109 54 21 59 60 147 1 170 202 22 229 6 169 230 176 115 252 150 122 166 124 42 25 121 192 147 31 61 190 56 182 126 204 213 187 138 13 113 8 217 70 196 99 84 53 108 45 124 48 145 208 101 253 253 225 45 142 177 146 139 175 116 184 61 37 75 201 212 191 129 18 228 204 219 185 139 92 203 112 41 166 41 180 2 244 36 43
154 77 224 156 65 4 200 219 82 168 120 147 172 64 111 254 232 231 146 148 39 1 147 15 232 37 163 15 38 54 30 14 91 193 29 129 248 59 143 83 252 172 213 244 231 100 72 228 17 29 216 248 129 32 220 146 61 181 139 191 213 103 81 19 28 220 210 242 68 35 5 96 0 215 82 68 250 87 164 250 46 247 62 41 78 227 35 125 218 98 166 40 69 201 165 31 43 75 71 112 21 237 143 64 56 215 177 77 196 64 142 252 23 63 74 219 127 216 216 151 23 34 114 150 250 74 45 17
108 160 167 102 234 213 119 87 117 31 189 95 244 53 182 105 84 116 200 72 169 127 177 253 243 121 69 156 248 246 153 235 111 222 135 104 212 32 83 67 254 219 171 210 251 255 22 250 218 193 204 213 192 226 207 154 164 156 112 100 126 63 255 34 219 111 135 90 174 134 124 138 245 3 228 163 137 96 45 126 100 17 34 237 114 79 108 214 97 142 195 211 221 47 169 62 189 108 17 155 156 186 217 89 39 235 244 195 165 206 28 204 185 17 143 94 223 172 43 152 189 186 246 156 102 33 52 35
220 42 191 66 76 243 102 40 30 37 106 106 25 208 146 55 246 252 161 15 205 51 70 195 47 231 210 252 26 24 191 73 255 145 70 25 169 5 98 168 151 168 193 64 174 36 233 69 204 170 133 122 206 110 191 155 25 69 21 231 179 213 130 204 26 152 180 205 109 54 154 135 206 78 84 59 132 238 194 83 60 23 142 193 5 81 20 66 104 162 3 109 243 23 175 91 185 178 201 173 201 120 8 131 43 209 48 244 74 56 119 117 10 167 105 84 224 225 201 234 136 50 62 104 19 7 82 156
57 144 4 77 151 87 233 209 231 237 30 127 68 7 80 44 244 110 171 57 117 251 101 105 105 16 162 222 11 7 71 116 23 234 82 34 241 153 150 9 131 232 43 117 130 194 126 5 170 169 122 44 107 248 50 22 162 172 66 13 165 116 35 71 33 102 84 198 218 120 13 251 222 97 193 184 217 206 180 183 48 117 112 9 68 36 193 116 153 49 125 221 85 62 81 238 111 207 204 196 13 29 179 125 236 127 65 250 156 244 119 137 115 184 131 16 173 250 153 32 178 28 48 95 22 201 128 200
229 176 40 251 122 168 196 95 88 236 91 210 148 31 50 236 11 141 191 159 172 241 139 183 126 74 86 42 59 225 225 185 44 55 227 103 24 196 33 68 251 4 172 20 201 205 88 196 209 4 216 154 209 49 95 163 53 55 61 7 104 156 170 158 212 231 165 60 132 79 218 88 54 127 148 186 206 111 18 5 238 167 191 189 22 210 194 4 121 129 193 143 83 131 147 204 5 85 91 88 216 239 37 221 68 128 54 28 111 91 250 179 219 48 208 75 139 202 254 102 250 206 177 133 152 176 235 146
126 157 23 23 77 3 169 203 160 193 226 237 196 140 184 100 77 155 81 17 39 9 117 116 164 198 133 203 207 250 63 116 192 196 63 143 190 127 3 126 67 67 14 2 194 17 128 5 84 142 7 22 160 136 28 244 22 35 11 182 171 39 171 194 74 182 120 246 221 35 184 39 217 48 29 182 84 213 222 45 6 251 228 90 209 194 135 215 189 107 49 142 45 184 101 235 36 150 121 81 79 223 60 115 117 182 196 196 149 1 55 10 183 252 207 76 253 6 86 180 2 37 0 255 44 86 179 46
124 179 46 168 10 225 214 134 149 4 46 159 230 4 37 123 9 83 26 239 87 63 106 96 146 132 79 233 195 185 74 85 61 153 62 0 83 136 85 144 34 148 145 117 28 230 5 62 122 150 179 151 125 185 213 247 79 137 142 204 66 100 196 145 237 82 94 47 182 34 192 163 116 30 210 43 64 147 206 181 177 161 224 242 52 174 167 229 79 135 215 131 53 126 105 133 5 64 8 59 191 113 192 196 178 200 255 113 58 191 53 236 136 53 93 194 244 146 174 124 199 11 62 188 157 236 56 101
247 119 33 149 99 89 250 91 208 27 240 52 116 234 143 69 5 127 121 121 105 8 190 110 135 55 231 240 63 166 94 198 221 69 182 29 235 20 227 201 90 154 230 69 174 201 14 8 99 244 78 18 190 92 26 33 81 104 51 15 197 78 48 22 182 100 37 123 178 85 145 104 185 182 228 107 12 117 212 197 44 184 49 56 45 5 253 89 189 46 145 234 51 143 68 240 189 213 219 241 100 31 225 34 244 188 19 89 219 244 123 208 177 142 41 140 130 164 92 51 50 133 192 180 41 28 232 91
162 168 16 203 196 248 39 102 160 55 50 100 47 89 203 207 144 253 51 191 86 254 142 230 251 193 165 81 192 51 55 187 244 220 13 180 15 68 112 4 33 125 184 48 193 40 52 226 165 237 19 103 21 71 73 187 52 92 34 74 164 107 5 216 200 39 34 108 146 39 68 90 78 103 198 225 142 11 59 221 114 2 190 0 13 249 221 127 251 155 127 8 149 93 135 144 248 7 153 141 100 32 30 92 39 183 234 139 215 8 232 255 191 210 138 150 218 114 149 153 68 32 47 30 146 197 183 215
229 231 245 119 172 173 78 145 148 68 8 64 241 87 209 133 155 217 197 140 48 150 17 203 111 214 87 160 108 104 107 219 62 195 123 170 43 231 134 106 170 1 20 213 232 154 63 146 156 84 104 132 238 167 23 138 251 127 15 234 38 38 116 34 165 131 12 203 169 128 237 78 4 249 26 173 122 7 252 126 1 22 43 123 29 39 249 30 61 36 153 91 76 146 121 137 183 19 228 3 165 94 140 92 113 113 95 22 207 236 115 64 93 210 86 44 190 201 108 27 156 194 71 90 140 179 118 40
118 189 130 2 113 248 42 231 182 172 233 39 165 19 14 91 191 247 130 100 10 144 191 201 135 65 46 145 209 237 90 88 47 136 233 0 118 68 89 165 204 66 165 66 134 254 231 83 65 141 149 199 139 125 26 204 10 176 148 149 45 174 98 55 94 246 204 139 164 46 194 3 36 143 142 201 189 81 204 226 224 90 171 157 171 119 127 139 209 42 41 125 161 168 8 115 211 49 240 116 218 248 231 173 42 215 33 4 208 9 177 250 224 210 254 176 219 175 170 188 129 168 108 93 87 23 25 217
191 133 54 23 156 79 240 92 212 38 115 113 117 99 205 73 137 64 186 254 163 135 71 44 199 2 42 106 137 113 150 81 115 192 187 253 50 82 78 165 18 9 162 68 91 240 234 110 250 140 178 85 125 156 195 119 41 118 204 166 18 144 29 59 6 233 225 24 121 254 84 127 232 53 152 97 52 236 225 28 33 121 125 85 101 94 113 134 215 239 220 60 77 77 195 37 60 159 97 138 236 36 175 41 195 16 179 176 53 98 217 248 114 140 168 167 238 129 160 96 13 72 8 251 202 168 92 215
240 100 211 186 12 47 146 252 147 101 183 159 148 73 155 39 174 82 198 66 155 97 105 73 180 47 139 79 144 244 153 68 35 36 148 180 25 45 248 60 81 140 240 106 185 233 167 11 117 151 117 47 128 28 58 246 180 175 37 52 204 95 42 128 14 79 180 218 174 223 90 189 46 15 151 221 238 242 154 28 1 49 249 239 35 147 11 36 197 5 19 232 152 31 13 93 36 32 70 188 63 83 26 99 115 96 32 179 179 58 22 38 154 54 217 77 112 240 115 10 38 77 87 151 61 203 161 99
24 249 250 85 196 156 184 220 149 179 49 89 79 233 53 228 156 102 61 235 79 114 207 236 216 12 215 39 126 167 19 86 179 235 126 50 146 145 136 69 124 6 119 14 152 0 84 20 6 203 35 158 203 119 179 210 66 214 112 14 77 35 224 143 249 80 157 70 116 125 214 109 206 115 180 66 241 138 175 191 253 99 1 238 237 176 173 235 20 174 217 1 95 135 236 115 53 198 116 148 77 97 7 130 39 124 23 116 221 30 246 4 154 13 120 119 44 110 123 198 124 243 62 168 98 185 110 222
173 172 134 15 102 244 237 19 161 115 34 7 103 15 26 8 130 60 15 233 75 41 242 205 101 1 182 176 43 168 125 144 170 52 65 213 220 190 101 134 242 166 91 207 101 193 85 87 103 177 38 204 114 124 36 217 45 74 166 159 198 202 120 243 20 30 146 219 232 11 206 253 41 97 216 18 108 166 15 149 7 231 167 115 141 182 9 149 157 176 8 43 103 17 192 4 194 200 47 41 218 239 45 156 184 93 197 146 76 242 46 4 79 243 150 156 229 196 160 53 183 55 209 157 251 113 210 179
168 163 80 164 20 34 87 189 197 167 97 217 201 184 150 142 95 247 103 40 175 254 182 14 245 29 54 165 27 236 179 17 10 234 182 37 214 105 54 224 83 236 6 42 86 60 10 169 41 16 211 127 77 222 40 118 238 252 245 59 218 29 177 200 25 166 4 243 196 181 188 221 92 192 209 32 117 141 253 209 77 206 241 194 91 239 148 168 189 133 107 25 116 255 193 50 132 44 75 249 43 12 43 176 57 118 169 100 130 212 20 187 74 189 32 204 145 52 136 219 242 168 168 131 220 48 95 206
216 7 82 180 55 177 131 15 184 213 195 239 134 70 254 62 27 193 45 161 8 43 223 35 236 12 197 244 55 164 24 36 177 221 24 232 129 48 12 50 13 37 27 143 85 39 193 99 76 220 242 162 4 179 5 80 144 247 242 148 170 247 228 58 238 215 206 153 206 179 211 189 138 162 86 88 85 41 21 223 203 107 55 32 149 77 255 96 184 55 129 77 132 128 174 60 183 47 138 59 175 56 120 103 103 2 162 22 58 26 125 161 28 32 183 86 58 53 247 87 85 175 173 143 228 165 230 57
84 148 200 56 57 175 113 141 67 57 197 124 232 54 9 43 111 206 167 88 4 176 131 115 126 43 203 130 219 79 246 90 122 193 220 85 16 210 175 138 148 140 224 164 94 143 47 242 27 15 151 122 158 198 108 186 213 3 52 115 201 160 45 158 164 97 18 109 2 63 12 166 161 30 19 163 93 31 73 254 61 92 161 155 124 234 153 185 71 59 84 195 37 238 124 108 41 209 47 78 191 172 187 232 125 234 54 60 150 241 36 19 220 90 79 114 76 115 134 40 206 213 154 26 73 32 66 23
246 220 49 63 253 115 86 243 79 135 50 76 250 136 63 73 15 113 150 9 249 213 82 8 71 232 17 64 190 100 73 5 76 90 69 10 190 142 15 11 233 85 21 167 227 37 178 204 122 200 116 93 237 38 42 103 238 158 196 219 196 238 66 179 140 7 142 81 245 209 4 130 216 146 211 205 99 215 79 59 105 34 9 205 249 88 8 99 123 17 48 116 106 56 215 229 74 7 89 180 64 49 153 138 56 242 62 120 35 215 2 92 201 64 212 237 23 215 73 225 23 29 206 47 244 23 16 12
52 222 59 41 245 75 53 41 41 112 82 30 187 135 71 228 247 154 2 178 33 73 150 25 227 152 203 5 226 98 30 197 250 233 202 220 75 232 162 70 210 108 34 29 85 196 99 39 49 134 68 134 74 168 173 123 46 241 1 120 153 174 244 199 160 245 64 57 164 52 1 68 41 65 125 205 117 126 17 158 191 143 108 52 13 125 211 205 12 63 1 26 188 212 231 201 19 232 227 208 189 202 153 208 178 124 160 111 70 57 64 248 181 224 104 251 26 168 244 207 136 92 203 162 4 191 114 140
27 61 47 31 252 161 171 23 222 218 54 218 123 225 241 89 188 39 51 55 8 36 145 196 75 196 252 84 233 141 24 52 81 20 136 58 161 161 111 243 181 247 45 87 152 156 74 78 148 119 165 44 20 239 122 168 102 31 212 122 14 79 34 117 110 247 239 125 70 18 242 180 9 225 49 79 243 35 3 252 5 53 75 248 88 79 245 93 132 64 86 220 143 75 58 19 139 144 240 27 219 42 46 102 186 30 129 149 72 176 251 2 206 125 151 23 45 147 25 251 16 177 18 61 68 44 56 84
221 75 145 33 119 201 117 84 20 6 117 139 207 234 223 228 240 84 111 191 62 79 163 46 163 19 238 226 98 145 16 5 164 254 231 6 144 248 12 52 246 243 59 134 235 71 187 226 58 246 104 38 61 35 8 119 25 112 157 86 148 165 206 173 22 107 4 170 17 210 87 39 61 91 209 78 45 40 117 107 132 70 185 177 111 47 28 243 117 214 164 228 5 193 215 122 151 124 95 156 61 54 22 212 178 117 112 239 172 134 195 94 252 51 78 168 186 17 6 182 69 84 94 255 102 100 181 171
185 19 170 31 119 95 202 48 114 116 79 233 211 25 26 69 141 105 46 96 131 72 165 16 178 212 113 53 28 22 69 206 234 182 3 7 205 73 213 183 255 217 190 204 34 148 132 33 109 66 238 143 214 114 176 67 180 158 210 139 16 131 206 197 33 161 80 50 36 30 247 69 191 71 119 227 101 110 41 37 181 160 8 27 15 49 64 196 210 72 223 225 122 31 165 76 104 133 45 226 164 210 46 12 87 91 238 252 45 28 8 133 119 247 129 165 19 137 42 139 128 171 48 148 52 90 31 181
5 79 73 57 169 104 238 174 183 55 231 96 159 214 14 86 13 245 182 173 203 196 3 217 186 186 134 133 126 137 94 56 67 228 190 194 110 28 250 177 1 184 115 111 213 110 32 214 38 148 69 251 2 101 209 40 249 22 36 251 124 245 36 117 12 72 113 136 61 149 253 73 221 110 209 26 3 207 100 224 61 53 251 65 4 95 33 66 148 28 131 153 123 164 219 16 193 94 169 60 2 132 76 195 226 245 0 228 121 76 168 91 66 168 64 187 244 232 23 54 144 87 242 132 63 9 187 207
96 173 83 159 182 14 110 22 187 193 181 113 208 35 135 139 228 60 253 180 95 132 64 68 193 61 248 32 193 56 100 130 117 93 163 55 149 7 185 11 100 92 66 250 100 251 5 200 88 71 194 188 66 199 132 154 14 71 86 81 14 219 235 29 34 66 110 48 29 89 77 63 155 187 111 184 21 189 247 176 120 103 105 141 36 96 62 156 199 167 42 235 7 104 136 207 15 178 186 22 26 66 229 41 244 160 63 14 226 37 55 215 197 119 229 167 156 29 126 97 148 100 8 48 129 135 145 21
235 153 69 108 32 214 129 11 111 198 119 144 156 248 155 11 190 19 155 90 11 55 102 202 74 1 36 85 56 138 31 130 140 68 216 196 206 247 71 90 59 31 31 10 22 102 100 82 133 131 92 155 233 192 237 110 68 73 10 45 10 247 156 78 65 166 123 75 157 23 153 222 189 20 41 91 44 194 57 233 215 99 68 3 37 126 236 252 225 49 255 6 175 236 3 144 29 2 150 204 238 153 92 11 156 242 215 138 140 51 150 40 38 109 178 178 161 72 218 199 182 140 121 87 213 83 30 139
223 151 226 180 234 0 63 201 151 33 126 129 33 189 74 184 223 200 57 0 134 132 185 101 76 242 101 210 118 30 55 195 17 157 149 135 187 205 74 204 106 224 84 37 173 158 242 23 126 70 60 43 228 46 66 99 116 127 142 89 173 209 188 34 80 74 123 253 27 55 31 107 129 154 105 157 209 136 8 83 35 113 240 244 250 248 71 29 106 55 17 100 48 89 129 154 144 146 254 192 235 127 90 124 17 88 60 253 215 151 121 233 239 181 230 199 76 95 176 60 20 150 3 97 245 179 157 9
73 160 106 62 83 7 71 156 167 178 218 250 185 33 150 97 211 112 91 141 146 242 238 101 98 73 242 244 59 224 90 158 42 76 146 101 45 236 3 87 57 150 188 102 130 192 189 187 86 121 33 216 57 222 148 143 88 181 104 145 148 252 33 236 177 137 125 69 133 158 49 54 39 175 124 172 77 173 227 117 92 95 33 170 12 4 31 105 99 64 19 112 69 50 217 168 114 236 24 183 30 241 96 144 221 120 72 251 106 168 140 71 32 212 67 138 124 207 210 156 163 21 39 31 228 249 187 135
14 226 166 242 219 97 121 233 68 31 219 31 128 84 9 196 115 228 228 244 57 237 184 172 209 156 160 10 137 89 183 91 245 87 101 127 176 28 218 166 116 63 37 36 92 255 202 208 62 239 244 154 238 191 106 45 174 95 199 157 30 50 202 204 145 145 105 175 195 51 123 84 197 229 3 136 24 127 221 221 100 224 102 124 95 67 90 195 35 192 64 131 3 154 70 38 90 134 169 93 32 240 131 122 118 45 215 151 29 91 17 147 136 233 42 165 68 60 56 204 37 99 113 105 159 169 53 196
12 166 45 171 79 98 111 92 8 156 7 87 254 119 179 6 19 187 94 18 50 17 24 69 204 118 87 254 136 112 68 84 230 155 83 110 11 151 195 242 50 22 96 62 173 35 48 223 57 144 29 230 180 77 198 237 222 227 212 146 49 154 127 15 125 83 161 174 237 32 189 107 116 94 25 97 127 215 204 243 53 230 84 180 189 33 167 242 7 252 167 196 29 78 182 36 74 93 232 103 172 158 139 246 252 115 94 168 18 233 158 14 93 252 182 111 230 84 125 67 81 51 178 55 135 47 122 216
98 44 15 233 91 137 194 189 181 209 166 16 91 104 205 16 58 116 33 149 220 238 165 22 98 198 171 63 181 81 85 23 23 1 86 204 82 172 228 105 173 58 54 255 230 26 104 147 84 158 146 59 184 251 206 13 153 97 72 82 92 22 95 245 119 167 71 211 189 166 201 53 77 16 8 11 183 209 64 4 226 72 15 153 26 79 157 252 152 173 149 178 252 50 174 148 223 67 70 220 117 244 112 85 55 183 49 173 171 161 2 227 88 51 144 4 212 146 231 45 197 119 49 153 9 24 198 206
143 247 103 152 15 46 102 158 37 205 54 53 251 156 211 33 106 10 86 101 166 41 134 16 51 220 118 218 6 252 234 57 217 96 19 223 93 254 24 54 94 44 21 187 42 45 241 136 89 6 68 131 52 53 12 141 60 80 17 112 133 29 253 193 109 14 49 242 43 47 180 152 61 229 139 105 20 63 1 82 36 140 187 57 203 188 139 240 73 70 41 20 2 180 4 75 250 45 96 252 225 100 72 219 146 168 216 115 12 32 79 158 200 39 18 212 71 97 115 15 136 133 227 207 230 86 222 110
219 193 61 193 24 27 47 243 220 108 181 244 135 228 232 100 81 157 88 216 129 64 60 210 221 149 171 95 213 231 49 179 124 220 18 82 196 67 5 64 32 23 146 228 90 151 36 122 174 183 94 9 78 131 131 253 58 226 6 136 101 137 133 159 107 139 39 208 21 173 111 128 56 151 81 77 68 192 206 124 87 31 202 155 223 152 24 55 183 226 210 150 122 234 205 49 204 160 199 70 138 149 119 87 53 63 157 191 212 21 22 9 84 180 200 40 201 223 49 29 147 249 69 92 216 118 121 107
111 190 199 72 52 64 179 163 254 123 235 50 187 159 214 186 26 193 236 213 96 194 143 122 132 124 80 228 62 223 95 194 91 175 167 154 142 6 92 234 181 3 132 67 9 224 45 190 228 177 2 237 146 47 172 118 225 174 99 115 221 15 233 190 189 76 49 155 92 26 89 25 103 139 180 195 165 14 220 12 153 145 207 62 159 172 75 56 61 26 118 220 198 193 20 3 220 138 223 162 76 243 166 40 126 133 202 202 121 112 242 247 246 188 193 111 45 179 102 35 111 39 146 156 218 248 191 73
31 81 230 249 73 165 66 104 247 40 97 64 206 164 169 197 204 10 5 154 174 174 95 123 185 101 21 103 19 117 226 204 218 248 52 237 109 22 186 71 14 238 52 123 4 238 194 19 220 247 142 225 229 81 244 194 72 130 163 45 211 151 239 27 25 146 73 237 41 56 8 67 203 81 48 244 138 56 55 85 138 103 73 20 160 129 105 42 232 178 62 136 51 167 178 28 89 240 164 141 151 87 169 241 71 77 126 223 164 39 208 236 116 78 203 25 117 155 5 233 233 208 2 94 107 7 71 84
215 74 178 66 81 249 150 41 67 72 107 149 66 2 190 133 74 41 26 140 43 216 18 118 2 44 2 45 5 20 163 7 65 166 52 70 186 216 77 251 126 129 65 56 89 142 52 215 16 117 16 105 4 68 65 20 185 81 125 189 149 190 209 78 15 79 12 164 13 221 243 29 44 255 193 58 220 180 87 9 179 24 67 144 205 154 153 128 178 220 16 127 118 169 0 40 133 16 168 251 186 168 36 63 184 204 59 114 116 95 178 44 43 237 159 159 76 81 203 119 62 106 22 138 187 225 1 249
76 23 131 7 248 132 1 68 155 132 76 148 9 77 216 164 209 36 56 218 113 17 127 67 53 183 29 167 200 156 234 254 84 7 165 28 164 143 26 248 150 191 20 58 78 47 50 229 238 71 31 61 118 82 34 100 153 65 161 15 147 195 115 44 5 21 59 152 216 175 197 221 196 0 118 156 175 59 122 115 59 240 16 235 43 138 94 102 122 110 81 165 248 176 11 114 30 93 23 23 13 35 137 43 128 161 66 141 196 204 184 68 109 251 209 49 199 137 117 52 132 70 101 75 207 218 127 84
32 228 159 239 190 31 67 222 3 227 206 194 2 17 160 5 244 110 199 246 128 104 252 116 214 195 107 86 43 103 203 2 42 54 88 86 157 35 88 199 89 176 29 246 212 117 190 45 38 219 36 250 81 226 39 119 189 75 113 14 45 152 133 235 228 246 249 17 143 127 252 115 117 246 132 4 117 129 119 234 119 252 239 236 125 102 214 244 98 197 224 223 44 182 211 142 124 179 110 168 106 65 54 230 245 164 142 95 230 196 69 219 105 211 58 79 151 127 42 0 82 100 79 233 227 121 234 53
221 57 30 192 179 8 245 144 66 20 81 245 28 70 133 94 90 214 83 119 29 217 213 119 175 41 238 204 2 196 68 177 237 50 126 239 246 194 160 227 244 30 210 235 224 115 206 213 145 161 192 114 20 142 71 165 47 7 23 67 149 94 233 197 101 0 8 251 95 241 192 196 242 200 191 81 186 127 21 172 72 213 253 2 84 18 174 156 231 171 158 60 189 76 216 165 247 119 225 181 195 185 90 187 48 59 112 244 244 202 175 37 5 31 25 249 233 200 30 238 231 55 231 208 255 6 190 230
61 165 182 61 171 116 35 233 26 218 38 197 78 73 174 104 35 212 46 114 30 220 218 65 177 8 179 207 229 142 16 150 150 196 101 123 82 117 17 232 57 118 100 139 236 117 116 37 236 216 177 216 77 37 253 57 253 174 17 74 211 15 132 208 189 149 27 145 164 159 97 98 52 124 243 217 27 84 59 80 209 46 41 236 130 100 60 83 146 101 64 20 201 124 104 91 226 168 112 171 36 216 7 6 128 119 178 164 79 185 171 207 48 93 115 127 22 30 78 70 123 193 197 145 224 19 215 91
212 156 237 180 175 196 16 132 97 253 56 16 193 72 148 34 69 205 51 7 21 199 41 91 148 92 98 170 36 139 5 184 232 103 98 12 242 103 196 218 206 39 230 193 142 171 155 93 210 130 30 96 45 185 189 255 59 219 95 104 149 29 103 208 248 199 57 141 228 160 94 220 103 151 106 75 55 200 40 159 95 146 234 150 90 18 53 185 164 32 79 254 50 133 183 215 165 7 213 215 140 141 174 49 148 132 8 32 17 183 81 165 59 89 197 76 16 22 241 75 111 182 151 128 204 136 203 59
62 99 187 10 235 135 70 42 234 1 52 213 136 122 255 114 124 52 72 4 174 71 119 42 123 191 47 42 6 166 84 130 101 131 172 107 41 0 237 142 132 153 250 173 154 231 60 30 129 54 203 27 29 7 57 158 61 4 185 91 12 242 249 73 247 179 164 3 165 158 76 156 81 241 159 246 143 236 147 224 221 50 214 108 30 105 76 251 156 34 103 186 140 179 182 40 214 29 226 98 209 152 138 167 182 108 9 135 5 147 46 187 255 55 66 4 202 112 191 201 167 1 206 113 113 141 58 24
143 8 137 0 150 196 25 37 204 162 37 98 102 62 135 51 225 173 149 71 235 29 122 204 202 16 20 181 45 142 130 247 158 150 172 203 36 46 194 195 196 111 142 233 157 81 172 98 192 58 75 93 139 247 191 75 49 10 169 189 1 104 8 51 115 177 240 116 26 248 167 141 170 151 1 196 144 169 81 58 64 82 254 208 251 79 10 60 161 8 12 157 87 23 217 249 31 229 150 119 252 111 112 28 84 6 147 81 117 3 109 201 9 0 26 126 3 135 71 12 135 98 138 138 233 209 150 113
51 32 251 29 242 146 142 37 178 137 66 164 27 208 202 206 90 12 114 117 221 60 67 55 73 182 172 38 242 240 93 59 166 9 97 152 249 190 212 159 200 53 56 193 244 12 97 188 65 153 125 53 165 222 241 230 119 111 28 28 77 13 3 197 124 31 225 202 44 228 143 169 3 112 115 48 85 2 217 88 114 76 136 199 78 97 32 192 173 168 136 251 10 168 188 183 80 68 179 90 236 111 18 60 179 197 151 159 52 169 219 231 110 114 134 162 27 97 137 137 212 15 43 239 112 180 121 68
195 164 52 52 89 173 120 28 81 172 80 170 89 201 199 171 117 23 85 207 224 28 122 86 52 207 37 20 236 159 106 32 110 143 52 90 46 159 122 157 46 175 247 93 78 114 250 124 33 241 217 111 99 211 235 132 197 197 243 40 152 223 173 93 164 160 134 60 127 51 154 35 211 32 96 83 83 250 118 38 26 214 121 109 208 240 147 234 198 13 87 151 253 235 129 195 248 217 90 245 196 220 184 188 181 19 177 121 239 105 53 164 124 230 29 107 79 82 15 204 56 44 55 135 126 71 83 182
115 139 62 242 210 145 168 69 28 230 55 238 120 224 52 148 198 107 131 62 75 183 211 18 34 86 80 110 13 35 128 47 121 208 157 134 244 29 182 109 238 83 244 226 113 170 79 95 253 67 65 110 237 144 205 235 212 14 89 193 159 39 172 115 53 6 52 212 45 225 71 98 231 124 55 20 93 126 118 68 250 173 88 87 44 206 155 38 124 243 126 168 194 25 206 62 13 76 230 207 102 180 13 115 1 243 66 103 167 79 218 168 66 28 15 233 107 233 146 173 5 161 150 112 139 40 29 144
202 180 1 85 220 30 229 166 210 230 251 175 5 225 85 215 199 81 134 204 50 220 164 249 45 42 198 95 6 106 88 51 148 30 146 155 136 235 206 29 9 97 184 146 76 134 175 85 231 103 231 51 237 150 137 213 253 112 8 235 7 145 192 4 2 200 239 9 90 175 13 92 120 253 101 210 172 114 46 36 111 147 246 28 5 36 64 117 183 55 145 189 91 209 50 19 8 195 208 100 148 2 119 157 197 71 1 89 73 120 246 14 191 247 103 8 111 94 22 46 85 125 54 197 219 76 243 49
202 42 246 165 118 233 214 64 19 204 230 138 182 188 202 201 137 176 83 63 109 30 8 246 206 92 53 59 122 61 49 72 153 102 132 19 164 181 92 61 28 224 81 192 149 173 253 177 141 78 113 34 251 111 212 136 189 69 171 185 180 127 65 114 196 236 43 121 107 108 235 48 89 22 169 196 130 148 244 219 170 157 160 44 49 148 8 219 50 168 8 99 60 16 63 110 184 71 210 244 87 17 99 15 88 53 3 175 70 102 190 158 155 193 77 225 40 11 127 195 204 204 165 244 215 36 184 164
241 93 152 200 129 80 108 114 173 5 59 47 85 167 161 3 172 220 50 2 132 211 5 48 176 55 50 52 10 55 100 186 110 151 238 121 206 83 51 61 234 34 182 184 117 233 245 95 11 171 23 128 149 13 223 160 184 247 33 77 4 0 238 188 247 15 10 251 15 248 184 7 7 194 2 22 186 186 29 193 124 32 215 54 218 245 247 87 21 207 141 239 196 133 70 217 84 212 200 24 89 15 241 173 227 185 197 60 200 182 233 171 111 174 231 56 100 208 227 211 126 203 11 226 155 239 182 26
186 193 252 85 176 178 111 106 116 108 192 36 30 47 143 146 155 79 183 186 126 70 76 26 149 3 212 19 73 32 45 222 36 1 242 109 34 31 76 70 33 62 179 67 93 255 137 126 61 60 193 155 60 74 25 121 135 219 20 195 37 46 60 172 9 81 111 46 127 172 219 136 253 74 182 124 246 145 4 243 220 186 111 210 76 115 198 40 46 53 250 122 169 192 162 215 246 156 81 159 93 243 118 83 143 199 242 236 186 104 63 73 47 49 54 233 153 117 50 200 167 104 177 64 222 228 9 133
76 186 197 42 158 206 175 235 137 117 21 39 67 197 18 204 58 40 244 125 237 6 74 39 46 62 164 27 68 238 66 115 44 231 142 113 213 209 228 2 184 114 115 141 67 87 143 251 201 2 137 13 89 24 8 35 27 145 48 116 170 56 151 197 202 199 57 116 0 209 57 202 152 114 62 152 67 119 98 220 233 160 116 45 23 215 9 1 119 125 46 143 84 55 144 204 180 190 91 9 245 235 213 169 169 48 178 158 27 135 71 196 183 250 98 210 129 169 150 57 163 248 11 37 162 162 94 69
154 105 106 60 11 200 130 166 50 236 226 61 181 100 227 231 81 198 36 6 42 8 237 123 206 17 129 248 25 110 116 231 128 245 224 153 100 84 129 228 73 97 125 173 181 254 145 254 95 15 172 20 13 61 19 109 76 191 129 90 252 148 199 73 83 72 163 80 221 106 153 48 178 60 128 143 166 25 192 88 85 64 232 251 90 168 84 175 232 60 171 66 228 255 242 204 59 157 15 31 156 1 235 215 158 250 246 58 251 225 17 153 220 7 211 215 232 228 113 196 235 68 156 212 41 13 152 20
81 52 232 122 65 129 143 147 181 119 13 247 248 156 138 174 20 151 165 12 52 47 186 72 198 95 84 250 142 15 66 85 110 151 79 253 166 146 82 20 41 161 17 207 51 99 227 92 5 245 43 56 88 15 149 93 4 192 150 92 207 43 186 211 235 80 48 187 123 234 142 102 58 190 33 181 168 176 27 226 110 61 151 23 237 179 249 91 240 145 114 221 68 108 56 52 253 171 17 65 23 73 117 20 244 134 85 11 207 202 31 196 80 116 207 31 62 239 227 142 99 179 174 162 162 145 48 5
68 222 167 230 112 216 236 180 182 147 155 38 107 135 219 34 26 118 72 134 253 35 168 23 153 240 157 150 20 69 174 173 54 75 68 74 145 242 247 199 61 59 17 206 45 8 149 107 68 166 57 113 175 207 220 243 117 22 100 36 229 65 23 90 87 124 127 60 189 150 150 20 18 21 80 207 172 230 227 190 252 51 142 168 26 113 102 22 165 244 190 191 102 36 213 11 25 147 202 127 183 159 138 208 50 84 79 233 243 217 186 37 45 9 14 32 227 200 69 16 210 84 49 181 28 118 197 238
202 246 163 231 109 105 213 55 95 121 30 204 226 244 4 65 109 34 14 79 22 18 144 131 52 158 210 75 176 99 206 229 1 161 48 178 4 254 151 5 159 199 183 163 197 78 169 101 21 96 8 219 175 177 64 196 18 72 159 193 250 223 133 12 40 37 205 34 4 82 46 44 119 251 78 124 77 124 168 197 119 247 65 197 115 233 138 235 224 203 176 84 180 58 63 149 5 239 233 185 41 40 78 46 23 55 231 64 95 54 110 118 109 85 182 205 139 36 67 249 122 250 198 5 30 9 254 152
3 196 158 34 206 156 186 209 97 88 243 47 245 174 0 86 6 244 133 251 162 133 81 168 121 214 164 27 92 245 196 213 204 104 241 40 93 181 253 41 29 238 81 122 163 79 164 192 61 245 59 225 68 223 161 130 212 220 99 25 187 4 155 144 225 254 169 156 2 68 44 227 66 213 128 68 25 172 40 91 130 168 160 155 84 200 247 214 112 151 114 196 95 105 155 207 0 13 147 95 118 46 46 118 59 193 213 177 240 3 39 43 196 252 221 180 255 4 224 196 1 189 120 0 193 88 196 194
21 61 195 215 149 135 153 171 196 92 130 90 228 27 5 168 120 135 2 92 162 7 4 26 142 7 118 49 14 123 75 157 130 194 206 144 61 25 45 191 219 251 79 24 21 125 215 240 120 39 9 141 164 224 126 28 7 135 170 171 103 40 200 111 175 114 26 22 154 226 133 73 84 160 95 238 130 229 55 215 133 151 197 7 124 253 222 1 148 164 8 16 161 231 17 53 139 25 69 44 0 86 97 139 111 166 183 112 252 24 251 107 190 179 219 186 203 215 38 138 138 1 68 85 216 106 223 98
108 36 184 68 142 151 167 250 187 95 63 74 246 230 68 178 69 131 252 59 105 64 237 174 196 233 234 45 42 215 220 238 193 198 27 235 157 247 217 94 189 244 73 91 236 34 185 169 23 3 4 3 37 190 172 60 193 177 63 230 111 236 35 48 157 98 22 12 78 57 60 235 156 82 247 234 140 51 214 40 134 205 18 18 1 232 58 135 182 76 153 183 53 211 62 235 31 215 162 84 170 224 63 201 183 225 30 97 193 93 42 120 63 72 217 0 166 4 121 229 76 82 229 242 86 94 215 163
177 189 149 7 27 109 170 204 42 64 212 69 173 126 18 215 190 230 28 107 100 46 66 35 20 95 142 121 141 209 156 162 48 42 27 189 251 183 95 43 225 122 233 221 49 72 8 19 195 241 240 244 58 248 7 253 234 247 241 36 240 249 33 218 240 18 254 224 11 31 186 252 49 184 220 61 215 151 57 9 79 21 70 39 172 127 48 252 148 118 35 65 245 83 61 137 201 96 202 190 179 7 71 124 103 18 58 26 25 129 150 129 147 208 155 173 82 50 46 229 2 201 146 84 251 192 58 254
138 204 82 133 141 140 131 23 89 214 156 230 98 32 253 187 246 153 161 88 185 158 20 175 56 181 8 241 84 28 161 140 209 169 125 37 197 30 177 150 199 47 188 140 77 109 35 21 156 223 161 234 76 196 255 233 163 160 211 240 101 210 217 8 114 172 248 215 126 209 224 240 125 216 200 251 170 168 236 39 128 180 35 42 92 15 82 220 195 117 7 31 132 89 251 71 206 2 102 82 91 97 153 41 100 255 123 191 96 20 233 196 19 100 132 116 121 109 56 140 209 188 0 74 41 57 215 251
245 215 69 31 16 28 26 6 244 95 37 4 124 63 10 112 158 47 116 26 110 127 138 13 174 255 39 29 126 178 42 44 177 81 73 47 3 115 91 180 197 165 227 200 24 63 125 221 228 96 166 252 159 35 218 131 131 128 128 35 163 90 166 38 218 38 73 125 128 240 163 90 22 237 215 151 221 123 241 243 104 201 138 69 68 124 56 172 69 195 241 137 63 41 53 132 236 38 13 43 79 66 175 60 104 188 103 183 254 23 243 102 211 91 30 210 114 17 56 69 108 86 23 222 104 80 36 212
166 59 179 14 139 215 227 50 18 150 64 158 109 35 208 127 185 16 29 38 52 237 166 237 254 195 20 50 177 186 31 175 125 51 225 46 237 0 221 107 52 190 153 33 191 119 140 243 53 38 20 244 157 161 231 210 199 252 199 100 157 174 54 100 170 253 200 71 172 254 171 86 252 115 158 168 114 73 254 110 189 156 22 47 230 20 157 163 177 179 210 151 199 111 58 120 34 12 15 233 123 73 98 157 85 113 134 208 187 232 109 16 90 244 225 21 220 78 37 54 66 6 75 31 85 113 85 151
119 161 182 204 18 12 100 137 173 26 86 191 38 186 72 211 212 158 146 251 88 219 206 45 121 97 40 210 60 246 255 181 87 39 135 147 29 134 73 117 173 208 8 203 87 81 64 4 34 72 207 121 154 15 125 188 88 77 53 242 92 178 174 180 255 227 166 92 149 84 16 149 55 183 241 205 11 1 98 67 184 83 16 196 84 114 7 13 197 23 209 25 137 216 38 78 239 247 103 120 207 142 198 190 133 45 54 85 187 252 19 65 42 74 150 229 70 169 38 112 243 188 86 58 102 124 170 89
57 0 147 159 125 62 248 182 62 140 85 187 202 77 113 8 217 198 196 163 20 53 172 237 252 112 145 16 165 61 253 161 173 142 177 82 203 175 244 120 61 165 203 9 84 191 129 146 100 76 155 185 11 28 75 112 105 230 41 116 2 116 228 107 90 13 224 92 129 196 200 219 210 168 56 83 108 0 47 62 168 103 146 20 103 193 83 15 40 229 35 143 166 118 158 206 91 193 93 1 56 251 207 147 188 44 149 244 39 100 136 228 145 29 216 184 129 96 156 18 125 117 203 255 213 103 17 83
220 220 82 178 68 99 5 32 64 87 210 132 186 215 164 250 46 119 126 233 78 35 227 125 154 98 102 232 133 73 101 31 171 203 7 48 21 109 79 192 56 87 241 77 196 64 14 252 151 255 74 91 63 88 88 215 87 162 50 150 250 138 109 81 44 160 231 38 42 85 119 87 245 95 125 31 180 245 118 169 84 244 200 8 233 63 177 61 51 121 69 28 184 246 89 235 111 158 7 40 148 96 19 3 254 27 43 146 123 63 150 122 90 193 12 213 0 162 79 90 100 92 48 100 254 127 191 98
219 239 199 218 110 134 60 74 117 3 36 227 137 96 45 254 100 81 226 237 178 15 236 22 97 206 3 19 221 239 41 62 189 44 81 155 28 122 217 217 167 43 116 195 165 78 156 76 121 17 15 30 95 172 107 216 189 122 246 28 38 97 244 227 220 234 255 2 76 243 230 40 222 229 42 42 217 16 82 183 246 124 225 207 141 51 134 131 175 103 82 60 154 216 191 73 63 17 134 217 233 69 34 40 87 168 1 64 238 36 105 69 204 106 133 186 142 238 255 91 89 133 21 231 115 21 66 204
154 88 180 13 109 246 218 7 78 142 20 187 132 238 194 211 124 215 142 1 197 81 212 66 40 98 67 237 179 23 47 219 121 114 201 45 137 248 8 3 107 209 48 244 202 56 247 53 10 39 41 212 96 33 9 106 72 50 62 168 83 71 18 156 121 80 68 205 151 87 105 17 167 173 222 63 4 71 80 172 244 46 235 249 117 59 165 105 105 144 98 222 203 7 71 52 151 170 18 98 177 89 150 73 3 168 171 181 2 66 254 5 234 169 186 236 235 184 242 214 98 172 194 77 101 180 35 199
97 230 20 198 154 56 141 251 30 161 193 184 217 78 180 247 240 117 176 201 196 100 193 180 217 113 125 157 213 62 81 174 175 207 76 132 13 157 51 189 108 127 65 122 28 116 55 137 243 120 3 16 237 58 153 224 178 156 240 159 214 137 128 136 37 112 40 251 250 168 132 31 24 172 27 18 84 159 50 108 75 77 127 159 236 177 11 55 254 138 214 234 59 225 33 57 108 247 35 167 216 68 225 68 59 4 236 20 73 205 88 132 209 68 152 26 17 241 159 227 53 55 253 71 40 156 42 94
212 39 165 252 196 207 90 152 246 255 148 186 206 239 82 197 238 231 127 189 214 210 130 196 185 1 129 143 211 3 83 140 5 213 27 216 216 111 101 221 68 128 182 28 239 27 250 51 155 176 80 139 203 74 190 102 250 14 241 197 88 176 43 82 190 29 23 23 205 67 105 139 96 129 162 45 196 12 184 36 141 91 81 81 103 9 117 244 100 198 69 203 207 186 191 52 128 4 255 79 190 191 131 62 195 131 142 130 66 17 192 5 148 78 135 214 96 72 220 244 150 99 203 246 171 167 235 66
10 182 56 182 93 35 248 103 217 48 29 54 84 21 158 45 70 187 100 154 209 2 199 23 189 43 177 142 45 120 165 235 164 86 121 209 207 31 188 115 117 54 68 68 85 1 183 202 55 252 15 140 253 198 86 52 194 101 192 191 44 22 243 238 124 179 174 168 202 161 150 70 85 68 238 31 230 132 101 59 201 83 90 175 215 191 234 160 18 68 79 233 3 57 138 21 125 217 254 128 19 136 149 144 98 148 17 117 28 166 5 126 58 22 243 87 189 249 213 247 15 201 78 204 194 36 196 209
237 18 158 175 54 98 128 35 116 30 210 171 128 83 206 245 113 161 160 242 244 110 231 101 15 135 87 3 245 62 105 5 197 192 8 187 255 113 192 196 50 200 127 49 58 63 245 108 8 117 157 66 180 146 174 188 7 75 254 188 221 172 120 229 247 119 161 213 35 25 186 27 144 91 240 180 116 170 207 5 5 191 185 121 105 136 126 110 71 55 231 176 191 102 30 6 157 5 182 93 107 212 99 9 218 26 102 69 238 201 78 200 227 180 14 210 126 92 154 97 17 168 51 143 5 206 240 22
118 36 165 123 242 149 145 104 185 54 228 171 204 117 20 133 172 248 49 120 109 69 253 25 61 46 145 170 115 143 196 176 189 85 91 49 228 31 225 162 116 60 211 89 91 180 251 208 241 206 41 76 130 36 28 115 242 69 192 116 105 220 232 91 34 168 208 139 132 184 231 166 96 183 50 228 111 25 139 207 208 189 179 63 214 62 14 166 251 193 229 209 0 243 119 251 180 92 205 180 79 68 176 4 161 125 184 240 193 104 244 98 229 173 83 167 21 71 9 251 244 92 162 10 164 171 5 152
8 167 162 172 82 167 68 90 78 231 6 161 142 75 251 221 50 2 126 192 77 121 157 127 123 27 63 200 149 221 71 16 248 135 217 141 100 32 158 92 167 119 234 11 151 136 104 63 255 82 74 150 218 178 213 217 4 32 111 222 210 69 183 215 101 39 181 55 108 109 14 209 148 196 8 0 49 23 209 197 219 217 197 12 240 150 209 203 111 150 215 96 44 168 43 155 62 3 251 106 171 39 6 234 42 1 84 213 40 90 191 82 92 20 40 132 110 231 215 202 251 255 79 106 230 38 52 226
37 131 76 11 169 128 237 206 4 57 218 173 186 199 124 190 1 86 107 187 29 231 121 30 61 228 217 91 204 82 121 9 55 83 100 3 165 222 12 220 49 113 223 214 79 236 179 128 93 146 86 172 126 9 44 219 156 130 135 26 140 179 246 40 54 125 66 194 49 56 234 103 182 44 41 231 101 19 78 27 63 119 2 164 138 80 191 201 199 193 110 81 17 45 26 216 239 136 41 0 182 68 217 165 204 2 165 130 70 126 39 19 129 205 149 199 75 189 218 204 138 112 148 213 45 110 162 183
222 54 140 11 164 46 194 131 100 79 142 9 125 81 140 226 160 26 235 29 107 119 255 11 145 234 41 253 97 40 8 243 19 49 240 116 90 248 103 109 42 87 225 132 80 73 241 122 160 210 254 240 27 239 106 188 193 104 172 221 87 23 153 25 127 69 246 215 92 143 240 220 212 230 179 49 117 163 13 73 137 192 122 254 99 135 71 236 71 194 234 170 73 49 150 145 243 128 59 61 178 210 206 165 82 9 226 4 219 176 170 46 186 140 50 149 61 220 195 247 105 246 140 166 210 80 157 59
70 41 225 24 121 126 84 191 168 53 216 33 180 44 225 92 97 185 125 21 229 94 113 70 23 239 92 252 77 205 67 101 188 159 97 10 108 164 111 41 67 208 51 176 117 162 217 184 114 12 104 231 174 65 160 32 77 8 8 251 74 168 28 151 176 36 147 250 204 175 146 124 211 37 119 159 212 9 27 167 46 146 70 2 155 97 169 201 244 239 203 143 80 116 89 68 99 36 212 180 153 45 248 252 81 204 176 234 249 169 231 75 117 151 53 111 64 28 186 182 180 239 37 244 12 223 170 192
206 207 180 218 174 95 154 125 46 79 87 221 174 242 90 220 65 177 185 239 163 19 203 228 197 133 211 104 152 159 77 93 36 32 198 188 191 19 26 227 51 224 160 243 243 186 214 38 154 118 25 141 48 240 179 202 102 205 87 151 189 11 97 35 216 185 186 149 196 28 184 156 213 115 49 153 143 233 53 100 92 102 253 235 79 50 79 172 152 76 151 231 126 231 147 22 51 43 254 178 18 145 200 69 188 198 247 206 88 192 20 20 134 11 227 222 203 247 243 82 2 214 48 206 205 35 32 207
249 80 157 198 116 189 150 109 14 51 52 130 241 202 239 255 253 35 129 238 237 112 237 235 148 110 217 129 223 199 108 115 53 70 244 20 13 97 135 66 167 124 87 180 221 222 246 132 90 77 56 55 44 46 187 134 124 243 190 168 34 121 46 158 109 236 70 143 102 116 45 211 97 115 98 199 231 143 154 72 2 252 15 233 139 169 50 141 165 65 118 48 235 168 189 144 234 52 193 213 220 126 101 198 178 38 155 143 165 1 85 87 39 241 230 204 242 60 36 25 45 10 230 31 70 10 56 115
20 30 146 91 40 203 206 61 233 97 152 18 44 102 79 21 199 231 39 243 77 118 9 21 93 48 8 171 167 17 192 4 66 200 175 233 218 111 237 28 56 157 5 18 12 242 46 68 143 51 86 156 37 132 224 181 183 55 81 221 187 49 146 115 104 227 80 36 20 226 151 125 197 231 161 217 201 56 86 142 31 247 103 232 47 190 118 78 181 221 54 229 155 172 51 81 138 106 54 37 22 105 118 160 211 172 198 234 22 60 138 233 233 80 211 255 141 94 232 118 174 188 117 59 26 93 177 200
25 38 4 51 132 181 252 157 220 0 209 96 181 205 253 145 205 206 241 130 155 239 20 104 189 5 235 89 244 255 193 178 4 172 11 249 171 204 171 176 121 182 169 36 130 84 212 251 10 125 32 140 209 244 136 219 114 168 104 67 156 240 31 14 152 135 82 52 119 113 67 15 248 149 67 111 6 134 126 254 27 193 109 33 72 235 31 99 172 140 133 244 119 164 88 36 49 221 24 168 129 112 204 178 77 229 91 207 85 39 129 163 12 220 114 98 4 243 5 16 208 119 114 212 106 119 228 58
238 87 14 89 206 243 147 189 74 162 22 24 149 169 213 223 75 235 247 224 149 205 191 224 184 183 193 77 132 128 46 60 55 239 138 187 111 184 248 167 167 130 98 22 58 90 189 225 220 32 247 22 122 181 247 87 213 239 109 79 164 101 166 121 84 20 200 248 121 111 113 205 131 57 197 252 168 54 201 43 111 142 39 24 196 240 67 51 126 107 75 66 91 143 118 218 250 193 28 85 80 146 47 74 84 76 160 164 222 207 239 50 27 143 215 250 94 198 44 122 85 3 116 179 201 160 45 30
164 161 210 109 66 255 140 230 161 94 83 227 93 223 201 254 61 28 225 155 252 170 153 57 199 123 212 195 37 110 252 236 233 209 175 14 63 172 251 40 125 170 54 188 86 49 228 211 220 26 143 50 76 115 6 40 142 149 90 218 9 96 2 151 246 92 113 255 189 115 150 179 207 7 178 140 122 72 63 73 79 241 214 201 57 21 18 136 7 232 81 64 254 100 201 5 76 26 69 74 126 14 79 203 41 149 21 167 163 101 114 204 250 136 116 157 237 230 106 231 110 222 132 91 196 238 66 51
204 199 142 145 181 209 196 130 152 82 19 77 35 215 207 187 41 226 9 77 185 216 8 227 187 17 48 116 234 56 87 165 74 135 25 52 192 113 217 10 248 242 62 184 99 23 194 92 9 0 20 109 23 215 201 33 215 221 142 239 180 87 16 140 52 158 123 233 245 139 117 41 41 240 18 30 123 135 71 164 119 90 194 242 225 9 150 89 99 88 75 69 98 226 158 197 58 233 10 156 203 168 98 6 146 108 162 93 21 4 99 167 113 6 4 134 10 104 45 123 110 49 1 120 153 46 244 7
96 245 128 249 36 116 1 132 105 129 125 141 245 126 17 94 255 143 236 244 13 253 83 13 140 63 1 154 60 84 167 201 147 168 99 208 253 10 153 144 178 252 96 175 6 249 64 184 245 160 104 251 154 168 180 143 72 28 139 226 196 63 114 12 91 253 239 31 60 97 43 151 94 26 182 154 123 225 49 217 252 231 115 119 200 164 81 196 139 196 60 84 105 141 24 244 81 84 72 186 225 97 175 51 181 247 237 151 88 156 202 14 148 183 165 236 84 111 250 232 38 159 212 122 14 207 98 53
110 55 175 125 6 18 178 116 73 97 241 79 115 163 195 188 5 181 11 120 88 207 53 93 132 64 214 220 15 11 58 147 75 16 112 91 27 170 238 102 186 94 193 213 8 176 59 194 14 253 151 23 173 211 217 187 208 113 210 125 68 172 56 20 29 11 145 97 183 201 117 212 212 6 53 139 207 170 95 164 176 148 47 127 62 143 35 238 35 83 110 98 226 145 80 5 228 190 103 198 80 184 204 52 118 51 251 198 235 199 251 98 250 246 40 230 189 35 72 183 25 112 157 214 148 229 142 173
86 43 132 234 17 18 151 103 61 27 81 78 45 232 181 107 4 6 185 49 239 111 156 243 117 86 36 100 197 193 87 58 23 124 159 220 61 246 22 84 114 181 48 175 172 70 3 30 252 51 206 168 122 209 198 118 5 148 30 127 102 228 245 107 121 19 234 223 247 223 74 112 242 52 79 233 19 153 90 5 205 169 238 224 67 72 229 16 242 212 241 53 28 214 69 14 170 54 67 199 13 137 213 183 191 25 126 204 162 84 132 97 109 2 46 15 86 178 112 195 180 158 210 11 80 67 206 5
225 161 16 50 228 222 55 197 127 71 247 99 37 46 41 165 117 32 8 155 79 49 64 196 82 72 95 161 122 159 101 204 232 197 109 98 100 210 46 76 151 155 174 252 109 220 72 5 119 247 1 229 211 73 234 75 64 235 48 20 52 26 95 117 5 143 137 57 169 232 174 174 119 55 231 32 31 150 206 150 205 181 182 237 75 132 131 25 58 58 6 133 190 137 158 248 195 164 126 130 46 28 122 241 193 248 115 239 21 238 224 214 230 84 197 251 66 165 209 40 249 150 36 59 60 245 100 53
140 136 113 200 125 213 253 9 93 110 209 218 67 207 228 160 61 181 123 129 132 95 33 194 20 156 67 153 251 100 91 16 1 158 169 252 2 4 12 3 162 181 0 164 185 12 168 91 194 168 0 123 180 168 215 118 80 215 242 4 127 201 123 207 160 109 211 31 54 78 238 214 187 193 245 241 16 227 199 203 164 188 189 180 159 132 128 68 65 61 248 224 193 120 36 2 181 29 227 119 149 7 121 75 36 92 194 186 100 59 5 136 152 199 66 252 2 71 132 154 14 199 150 17 14 27 171 29
226 66 46 240 93 217 13 63 27 59 47 120 21 61 183 48 120 231 169 141 36 96 190 156 71 103 42 107 199 232 8 15 79 50 122 22 26 130 37 105 180 160 127 206 34 165 55 215 69 183 165 103 92 221 62 161 148 228 8 240 193 71 145 85 43 153 69 236 224 214 65 11 111 134 247 80 92 56 91 203 190 83 27 26 139 119 230 74 202 1 100 85 120 74 159 66 76 4 152 196 78 55 7 154 59 159 95 138 214 102 36 18 5 131 156 219 233 192 237 238 68 137 202 45 74 183 28 142
65 230 187 139 157 215 25 222 189 212 105 91 172 130 57 105 87 163 196 3 37 254 108 124 161 49 127 198 47 236 67 208 29 194 150 76 174 217 28 203 156 178 23 74 140 51 22 40 230 45 114 114 97 136 154 71 182 12 185 23 149 83 94 75 95 23 98 244 106 192 63 201 215 161 190 65 97 253 10 56 159 200 121 0 198 132 57 101 76 178 101 18 54 158 119 131 81 221 149 135 123 13 10 204 234 160 84 101 173 94 50 151 254 134 252 171 228 46 66 227 180 63 142 153 109 209 124 34
16 10 187 125 219 55 159 235 65 90 105 29 145 8 8 211 99 113 240 244 122 248 199 221 106 183 209 228 176 153 193 26 80 146 254 0 43 191 26 124 81 24 124 125 215 151 249 41 175 117 166 135 12 159 176 188 20 86 67 33 245 243 221 9 73 32 42 62 19 7 71 92 39 114 154 58 121 225 150 161 83 48 219 205 18 114 110 101 162 73 50 180 187 160 26 94 234 76 18 165 237 44 3 215 121 22 124 102 66 128 61 187 150 185 33 216 57 94 148 207 24 181 168 81 20 60 33 44
241 201 125 5 5 158 49 246 103 175 252 108 77 45 99 181 220 95 33 42 140 132 223 105 227 0 147 112 133 114 217 104 114 108 216 247 222 177 96 80 29 56 72 251 234 168 76 7 224 148 3 202 60 79 210 28 227 213 231 31 36 185 59 7 142 34 38 178 219 97 185 105 132 223 27 95 64 212 201 196 179 228 36 244 185 237 184 108 209 220 96 138 201 25 247 155 245 87 37 191 112 28 90 102 116 127 37 228 156 127 74 16 254 111 244 154 238 63 170 237 174 159 135 157 222 50 138 140
209 17 41 175 67 179 59 20 197 101 195 8 24 255 29 221 100 224 230 124 223 3 90 67 227 64 192 195 67 26 6 38 90 198 233 157 224 240 195 58 182 173 215 151 157 155 209 83 72 169 234 229 68 188 56 140 101 35 113 169 223 169 53 68 204 166 237 171 79 34 239 28 200 220 199 23 254 183 51 198 147 251 222 146 178 17 88 69 12 54 215 190 72 48 4 84 102 219 19 174 11 23 3 114 242 22 32 254 45 35 112 31 57 144 29 102 180 141 134 237 30 163 84 210 49 218 191 79
125 19 33 174 237 224 253 107 244 30 25 225 255 23 76 243 53 102 212 52 125 33 39 178 135 252 231 4 29 14 182 164 10 157 168 39 172 94 203 182 252 115 222 168 210 169 94 206 29 60 118 239 230 212 189 3 17 51 242 247 7 175 250 24 226 236 15 233 155 9 2 125 245 17 102 144 27 104 13 16 122 116 161 149 220 174 165 86 34 70 235 255 245 145 85 23 215 65 22 204 210 108 228 169 173 250 118 127 102 90 40 19 84 158 146 187 248 187 206 77 89 97 8 82 28 214 159 117
55 167 199 83 125 102 201 181 13 144 8 139 247 209 64 4 98 72 143 89 26 207 93 124 24 237 213 50 188 50 174 212 31 131 6 220 181 180 176 213 55 183 177 237 107 97 194 163 24 115 144 132 212 82 39 237 197 183 113 153 9 152 134 206 79 247 103 88 143 238 38 222 229 141 54 117 123 92 83 97 234 138 214 101 230 41 198 208 179 156 54 154 198 252 106 121 153 160 19 95 157 126 216 54 30 236 149 187 106 109 241 136 89 134 68 195 244 53 76 77 188 144 17 176 197 93 253 129
237 14 49 178 107 47 52 88 61 101 11 169 148 63 1 210 164 12 123 57 75 124 11 240 137 134 41 212 2 52 196 139 186 237 96 188 33 36 72 219 18 168 152 51 204 224 15 222 136 167 18 84 135 33 51 15 200 69 99 79 102 150 94 46 219 193 125 65 88 219 111 51 156 236 117 244 199 228 40 100 209 157 88 152 129 128 252 82 29 85 235 159 213 231 241 243 60 220 146 18 196 131 5 0 96 151 18 36 26 23 36 122 174 55 158 201 78 195 67 253 250 226 198 72 165 9 69 159
235 11 231 144 21 45 47 0 56 23 145 77 68 192 78 124 215 223 202 27 159 24 152 119 247 98 146 150 122 42 13 113 140 160 7 6 202 21 119 87 181 127 93 127 148 213 214 73 84 52 200 232 9 159 49 93 211 249 69 220 152 118 57 107 111 126 71 8 244 128 115 99 254 187 107 242 59 223 86 58 154 193 44 213 160 130 15 58 68 60 16 228 190 31 31 2 91 47 231 26 78 6 28 170 53 3 196 131 9 224 45 62 228 241 194 237 210 239 44 182 225 238 163 179 221 207 105 190
189 12 113 155 220 218 89 153 231 203 52 195 165 142 92 140 89 145 79 254 31 172 139 120 61 218 118 92 134 1 212 195 220 74 31 98 76 243 38 40 62 69 138 138 57 176 178 119 246 60 1 47 237 179 166 227 239 167 18 220 90 184 191 73 95 209 38 185 137 229 2 232 183 40 161 64 14 164 41 197 204 202 5 218 110 46 159 59 249 165 21 103 211 181 162 204 90 184 52 45 109 214 250 199 142 46 244 251 4 238 194 147 28 183 142 33 165 81 180 194 8 66 227 173 147 151 111 155
217 82 73 109 233 184 8 195 11 81 48 244 10 56 183 21 138 231 9 148 32 193 169 170 168 178 62 200 115 231 114 28 153 176 228 13 151 87 41 49 7 13 62 159 100 103 208 108 116 14 11 217 117 219 69 233 233 80 194 94 43 7 71 20 87 10 114 130 17 185 150 105 195 8 235 213 194 130 62 133 138 41 90 76 171 152 210 54 194 44 130 109 197 84 163 135 129 38 244 70 122 152 205 251 190 193 65 56 89 14 52 23 208 117 80 41 132 132 65 84 249 145 125 125 21 190 209 14
