0
0
0
0
0
0
0
0
0
0
0
0
0
0
0
0
0
0
0
15
0
0
0
2
2
10
5
5
0
181
0
0
4
3
24
30
38
30
4
671
0
1
2
8
26
37
57
50
6
1044
0
0
0
4
21
41
43
59
8
769
0
0
0
2
3
13
19
17
1
295
0
0
0
0
0
0
3
2
1
37
0
0
0
0
0
0
0
0
0
0
0
0
3
17
54
140
191
190
19
3350
0
0
0
0
0
0
0
0
0
2
0
2
3
1
1
0
0
0
0
38
0
18
13
14
6
1
0
0
0
324
2
34
32
34
16
6
2
0
0
813
3
27
28
51
26
14
5
3
0
1108
1
14
16
29
17
10
2
2
0
754
0
2
1
3
1
5
1
2
0
147
0
0
0
1
0
0
0
0
0
15
0
0
0
0
0
0
0
0
0
0
6
84
136
110
103
41
14
5
0
3670
0
0
0
0
0
0
0
0
0
0
0
1
1
0
0
1
0
0
0
14
2
5
6
6
6
4
2
2
0
154
0
5
9
5
12
10
9
12
2
447
1
13
9
16
22
12
12
24
0
703
0
7
14
19
14
19
20
21
1
637
0
2
5
5
10
7
10
11
1
285
0
0
0
0
1
3
4
5
2
56
0
0
0
0
0
0
0
0
0
1
7
88
98
116
76
106
80
116
9
3790
0
0
0
0
0
0
0
0
0
2
0
2
1
2
1
3
3
2
0
64
1
8
9
5
4
8
10
14
1
317
0
7
12
15
14
12
13
40
2
626
0
8
3
19
12
15
33
48
3
719
0
9
5
9
8
10
17
32
2
422
0
1
4
1
3
4
6
10
1
152
0
0
0
0
1
0
0
0
0
15
0
0
0
0
0
0
0
0
0
0
2
59
67
77
83
125
125
170
24
3725
0
0
0
0
0
0
0
0
0
0
0
8
6
0
2
1
0
0
0
35
2
13
15
10
9
1
2
2
1
171
2
23
20
17
19
18
12
9
2
327
0
21
17
20
22
22
19
14
1
416
2
17
13
27
34
24
29
34
6
452
0
8
7
8
10
31
25
40
7
273
0
0
1
0
3
8
4
19
4
82
0
0
1
0
0
0
1
1
0
5
12
119
139
163
178
175
174
182
26
3192
1
1
1
1
0
1
0
0
0
9
2
22
12
6
3
6
1
1
0
117
4
17
25
15
19
13
10
5
1
319
3
21
27
26
20
23
18
14
7
420
4
19
28
22
25
23
21
32
6
402
0
10
6
12
18
25
23
29
5
269
0
1
2
4
8
8
9
11
4
100
0
0
0
1
1
2
6
6
2
36
0
0
0
0
0
0
1
0
1
0
19
105
127
143
166
216
171
204
32
3085
