0
0
0
0
0
0
0
0
0
0
0
0
0
0
0
2
0
1
0
18
0
0
0
4
8
3
7
5
0
174
0
0
1
5
24
25
27
30
4
658
0
0
2
7
27
37
40
62
9
942
0
0
0
1
26
20
34
61
5
723
0
0
0
0
4
8
23
17
0
251
0
0
0
0
0
1
1
1
0
36
0
0
0
0
0
0
0
0
0
0
0
0
2
22
71
118
189
231
26
3631
0
0
0
0
0
0
0
0
0
0
2
6
5
0
4
0
0
0
0
45
1
12
16
12
7
1
0
0
0
304
1
29
30
32
25
4
3
1
0
835
4
21
43
33
33
11
4
1
0
1061
1
20
17
18
19
8
4
3
0
735
1
1
5
3
4
5
1
0
0
159
0
1
0
0
0
0
1
0
0
21
0
0
0
0
0
0
0
0
0
0
11
93
117
116
73
35
11
5
0
3678
0
0
0
0
0
0
0
0
0
0
0
1
0
0
0
0
0
0
0
14
0
5
5
4
6
4
0
1
0
120
0
13
16
11
12
6
4
7
0
417
4
15
20
11
19
20
16
8
1
663
0
15
14
11
21
12
17
17
3
644
0
6
5
11
7
1
9
13
0
307
0
0
2
2
0
3
1
2
0
71
0
0
0
0
0
0
1
0
0
2
5
103
96
103
115
93
98
100
11
3834
0
0
0
0
0
0
0
0
0
0
0
0
0
2
2
1
2
2
0
58
1
0
4
4
4
10
11
17
0
264
1
6
10
15
13
23
23
19
0
532
1
7
10
13
21
22
33
48
8
672
1
2
3
4
11
10
17
36
5
428
0
2
1
2
4
10
8
11
1
144
0
0
0
0
0
0
1
1
0
17
0
0
0
0
0
1
0
0
0
0
6
46
57
81
118
157
159
199
24
3796
0
1
1
1
0
0
0
0
0
2
2
7
2
2
3
1
1
0
0
52
0
13
10
7
4
3
1
1
0
122
4
25
14
12
10
10
11
3
1
236
2
8
22
23
13
13
21
17
0
368
0
8
24
21
21
21
24
29
4
430
0
6
6
8
15
11
26
36
8
301
0
1
1
5
2
13
17
28
2
140
0
0
0
0
0
0
0
6
1
11
17
140
162
148
160
169
142
173
13
3305
0
1
0
0
0
0
0
0
0
10
1
14
12
4
4
1
4
3
0
108
0
12
12
12
7
16
4
8
2
240
1
23
12
21
16
20
22
20
1
383
0
13
16
10
16
19
25
31
3
445
1
10
13
15
19
28
29
32
2
288
0
0
2
6
3
10
15
20
4
136
0
1
0
0
3
0
2
9
6
35
0
0
0
0
0
0
1
1
0
0
12
121
129
129
155
199
187
232
41
3284
