0
0
0
0
0
0
0
0
0
0
0
2
3
1
1
0
0
0
0
53
0
12
13
10
8
10
4
4
0
474
6
24
32
32
32
27
39
39
4
1420
6
30
44
34
52
44
53
60
4
1974
3
15
20
16
27
50
47
68
5
1501
0
1
1
7
7
20
21
34
1
538
0
0
0
1
1
2
4
4
1
84
0
0
0
0
0
0
0
0
0
1
6
122
125
121
154
146
190
232
26
7223
0
0
0
0
0
0
0
0
0
0
0
0
0
0
0
0
0
0
0
0
0
0
0
0
0
0
0
0
0
0
0
0
0
0
0
0
0
0
0
0
0
0
0
0
0
0
0
0
0
0
0
0
0
0
0
0
0
0
0
0
0
0
0
0
0
0
0
0
0
0
0
0
0
0
0
0
0
0
0
0
0
0
0
0
0
0
0
0
0
0
0
0
0
0
0
0
0
0
0
0
0
0
0
0
0
0
0
0
0
5
0
0
2
1
3
1
0
0
0
67
0
6
10
13
5
8
15
12
0
449
1
29
11
21
22
27
29
35
6
1211
4
20
23
27
33
47
46
52
5
1402
0
11
17
13
19
39
34
49
3
1117
0
4
3
13
12
15
18
14
1
454
0
0
0
4
2
0
6
6
0
89
0
0
0
0
0
0
0
0
0
2
12
115
118
147
186
222
240
318
22
7427
0
0
0
0
0
0
0
0
0
0
0
0
0
0
0
0
0
0
0
0
0
0
0
0
0
0
0
0
0
0
0
0
0
0
0
0
0
0
0
0
0
0
0
0
0
0
0
0
0
0
0
0
0
0
0
0
0
0
0
0
0
0
0
0
0
0
0
0
0
0
0
0
0
0
0
0
0
0
0
0
0
0
0
0
0
0
0
0
0
0
0
0
0
0
0
0
0
0
0
0
1
2
2
1
0
1
0
0
0
7
3
16
13
10
3
4
4
1
0
166
1
37
29
28
19
19
13
10
0
417
5
29
29
41
32
36
31
26
0
666
0
15
28
42
50
56
42
44
5
837
1
15
16
25
37
37
46
59
8
706
1
3
6
8
19
22
38
64
6
398
0
0
2
3
4
10
22
16
4
107
0
0
0
0
0
1
0
5
1
9
18
189
249
269
331
370
435
436
74
6565
0
0
0
0
0
0
0
0
0
0
0
0
0
0
0
0
0
0
0
0
0
0
0
0
0
0
0
0
0
0
0
0
0
0
0
0
0
0
0
0
0
0
0
0
0
0
0
0
0
0
0
0
0
0
0
0
0
0
0
0
0
0
0
0
0
0
0
0
0
0
0
0
0
0
0
0
0
0
0
0
0
0
0
0
0
0
0
0
0
0
0
0
0
0
0
0
0
0
0
0
