0
0
0
0
0
0
0
0
0
0
0
0
0
0
1
0
0
0
0
20
0
1
1
1
3
6
8
8
1
191
0
0
1
7
13
32
37
28
3
663
0
0
1
4
26
42
58
76
1
960
0
0
2
2
15
31
42
64
6
757
0
0
0
0
3
12
16
34
3
258
0
0
0
0
2
0
1
2
0
62
0
0
0
0
0
0
0
0
0
1
0
0
5
25
73
124
182
228
15
3563
0
0
0
0
0
0
0
0
0
0
0
2
1
2
3
0
0
0
0
38
2
13
18
13
8
1
0
0
0
310
1
35
24
44
19
8
0
1
0
817
2
23
35
37
21
9
8
0
1
1028
5
9
23
20
12
15
4
1
0
688
0
1
3
4
3
2
1
1
0
147
0
1
0
1
0
1
0
0
0
13
0
0
0
0
0
0
0
0
0
0
6
105
121
115
82
48
11
3
0
3685
0
0
0
0
0
0
0
0
0
0
0
2
0
0
0
0
0
0
0
20
0
7
2
5
3
2
2
2
0
144
1
10
17
15
10
3
4
7
0
383
4
14
15
19
22
10
16
22
1
650
4
17
23
10
8
16
23
18
0
616
0
6
8
6
6
6
9
10
2
334
0
1
3
1
1
3
0
10
0
81
0
0
0
0
1
0
0
0
0
3
11
98
78
93
96
113
94
96
13
3858
0
0
0
0
0
0
0
0
0
3
0
1
1
1
3
1
2
0
0
73
0
2
2
11
8
9
8
12
1
314
0
6
7
11
17
17
22
27
3
584
0
7
7
10
18
27
27
39
9
686
0
4
3
6
8
17
11
25
5
415
0
3
0
4
8
4
2
14
0
143
0
0
0
0
1
0
2
1
0
16
0
0
0
0
0
0
0
0
0
0
2
52
47
69
88
102
140
232
28
3784
0
0
0
0
1
0
0
0
0
0
1
6
4
1
1
1
1
0
0
53
0
13
8
7
6
8
1
3
0
130
3
23
15
10
12
12
5
6
1
287
4
17
16
30
25
23
20
15
4
385
2
23
16
18
13
25
22
20
2
376
0
1
4
7
16
19
26
30
5
275
0
2
1
2
3
7
12
14
5
116
0
0
0
1
0
1
2
2
0
12
19
156
140
127
144
166
198
193
18
3376
0
2
2
0
0
1
0
0
0
13
1
9
14
8
6
4
1
1
0
139
0
17
21
22
12
9
9
6
0
266
3
22
21
20
22
15
13
14
2
421
0
8
16
19
18
35
19
28
3
366
1
8
16
15
24
17
26
23
5
289
0
6
3
4
7
13
19
26
4
147
0
0
1
1
0
5
4
8
4
31
0
0
0
0
0
0
0
1
0
3
11
96
111
142
148
185
213
203
32
3201
