106 23 1 141 152 6 27 18 249 44 73 181 131 230 6 215 184 187 120 74 200 99 15 31 0 153 197 130 21 99 190 145 253 43 152 228 147 74 227 111 202 118 115 229 107 171 204 4 249 91 38 32 169 198 102 10 138 222 13 53 149 155 117 63 119 244 44 13 166 253 242 23 224 233 216 112 148 246 223 177 172 247 165 7 93 250 54 37 167 5 243 116 142 25 3 116 248 77 46 166 26 14 48 55 81 241 74 71 218 133 153 90 150 10 31 173 66 99 29 126 2 201 66 151 191 31 206 233
60 173 35 6 129 50 13 196 179 15 17 143 90 3 65 249 69 94 94 66 104 27 1 103 110 18 68 106 97 118 130 141 157 25 149 72 106 166 109 78 152 124 113 177 251 185 44 150 62 147 193 112 7 42 97 70 248 123 40 40 171 44 97 116 33 30 110 139 123 89 246 193 79 181 194 199 176 80 76 209 37 215 109 78 20 28 241 65 94 59 210 56 49 234 159 228 149 21 82 99 127 129 234 183 206 214 182 239 244 253 70 5 28 214 218 249 119 31 137 36 54 86 33 172 0 68 71 83
192 34 32 231 233 251 21 207 18 33 131 216 116 69 36 102 191 55 196 96 165 62 185 108 184 136 155 23 184 119 233 105 199 239 69 167 165 232 129 201 253 166 206 142 174 62 172 182 33 130 143 92 113 8 235 5 1 44 157 57 85 31 214 80 117 176 17 104 119 179 17 144 202 119 12 120 235 62 135 191 124 159 236 68 228 75 16 156 99 238 178 74 219 10 15 52 144 239 42 117 255 89 84 167 80 243 75 220 160 206 165 169 144 171 20 150 242 147 254 222 18 169 146 72 75 159 172 207
183 136 41 71 96 163 198 95 223 28 98 116 141 80 64 19 165 197 149 52 158 69 181 194 48 142 141 51 189 55 83 16 33 205 151 131 52 121 78 215 241 169 84 22 252 113 80 177 242 66 204 123 2 136 38 114 156 148 183 92 36 88 194 92 90 243 42 181 232 198 30 132 172 194 42 191 176 184 19 117 59 119 235 176 202 211 240 206 182 32 110 176 240 5 248 80 228 65 164 95 91 110 2 216 241 225 10 171 21 49 66 125 113 82 0 87 56 71 69 138 104 158 162 146 39 33 125 211
29 25 104 83 160 220 135 133 176 6 245 113 9 100 129 36 33 92 192 15 239 37 97 77 247 249 31 62 188 9 153 206 216 242 186 248 55 109 202 81 11 145 7 59 212 12 111 5 138 171 4 177 112 145 129 123 208 166 133 166 76 168 169 6 68 19 84 185 44 77 109 129 44 104 159 121 251 3 4 235 19 245 190 152 144 187 251 52 120 232 36 17 226 210 252 236 167 110 147 18 178 164 254 70 193 23 240 50 35 104 18 45 173 92 224 38 242 96 132 253 52 112 160 25 1 141 81 177
18 103 25 33 191 63 140 192 2 156 163 141 215 94 192 29 227 161 20 48 148 36 4 22 62 232 188 243 209 95 102 170 22 28 126 174 220 201 94 84 235 67 128 138 135 34 149 92 185 201 9 181 225 53 175 134 171 19 142 67 32 26 187 108 252 228 61 237 92 38 221 209 60 91 213 214 144 183 63 146 27 19 240 185 53 121 144 225 107 1 241 122 8 90 244 204 20 19 148 215 8 179 148 89 152 22 168 190 206 51 210 197 76 30 11 169 19 206 128 229 100 72 250 233 137 159 37 201
26 232 55 162 178 98 141 72 60 72 174 93 133 192 196 225 212 56 135 141 247 49 158 139 95 255 69 50 233 65 249 211 106 166 43 49 81 61 211 59 9 124 197 185 32 202 239 51 141 156 241 200 254 133 85 245 44 112 219 248 71 150 34 196 92 67 217 217 36 53 49 48 125 255 40 139 170 95 41 120 200 136 252 22 252 209 165 128 26 204 38 125 152 249 31 44 148 60 141 237 62 100 100 76 172 88 161 201 158 142 208 68 145 34 47 124 116 193 11 227 32 48 141 116 181 86 213 128
86 234 205 55 39 42 126 146 60 219 93 45 95 207 168 87 32 0 217 18 215 189 17 156 88 225 115 228 161 199 224 30 124 157 226 163 85 137 246 9 51 109 177 36 90 100 254 255 207 56 4 106 92 57 152 68 11 103 146 12 246 70 216 65 233 125 153 53 252 250 209 70 17 176 15 187 179 33 114 64 71 251 175 166 13 24 210 229 95 82 158 122 196 179 210 213 255 3 88 70 222 250 116 37 63 24 248 166 41 93 213 254 13 224 217 244 205 15 17 91 96 70 126 111 216 194 16 140
60 52 244 17 175 159 231 125 164 125 199 14 183 74 49 33 234 8 55 21 184 118 44 220 213 94 175 245 198 236 232 55 87 77 111 138 220 97 7 211 12 240 99 214 156 123 143 255 111 81 135 43 110 142 197 253 138 249 165 66 139 11 93 40 35 112 37 177 213 144 125 120 220 24 68 229 49 59 26 181 72 92 55 87 217 160 10 87 34 108 142 16 11 53 94 178 89 242 54 221 248 165 151 191 217 157 118 74 187 58 41 209 132 147 183 189 85 78 4 217 221 228 116 40 0 215 225 20
184 31 233 177 94 92 196 78 173 70 103 215 199 203 156 143 97 163 38 186 226 248 123 235 149 120 238 91 162 36 74 24 250 86 8 186 238 254 232 103 29 30 180 35 170 193 216 137 7 115 86 80 222 110 74 166 158 198 105 107 76 165 89 79 203 247 144 224 246 245 98 215 167 132 91 39 57 111 37 127 177 219 79 225 245 72 40 180 231 236 136 204 108 71 203 173 172 94 188 248 21 97 151 159 94 200 33 94 41 162 112 255 199 238 118 52 220 162 222 40 34 4 150 61 143 130 205 209
22 209 238 211 45 135 112 77 36 49 25 247 168 175 29 27 90 54 229 178 52 58 75 73 9 237 132 123 147 201 174 182 232 23 124 73 69 41 10 61 182 145 108 213 140 55 154 178 26 40 71 223 163 254 136 6 152 239 149 23 180 25 178 237 226 118 72 55 43 145 242 92 119 75 238 212 151 142 208 204 178 113 42 217 18 207 52 184 64 25 141 80 199 209 60 154 218 217 127 71 181 7 65 59 160 228 73 110 78 246 142 113 122 42 25 138 211 143 160 164 26 17 119 24 3 81 74 200
165 223 63 214 21 1 52 203 110 98 228 136 244 141 132 97 122 74 100 198 151 63 109 104 237 21 24 59 76 123 12 27 18 119 29 247 34 123 98 112 92 83 67 192 6 220 174 218 198 255 212 87 147 130 44 248 60 181 210 242 205 212 91 184 118 189 84 179 231 190 251 104 255 2 47 215 109 18 161 35 39 182 165 11 64 18 168 5 60 134 62 14 140 167 237 56 168 7 36 190 121 175 83 91 4 238 255 77 42 204 98 200 245 250 75 132 228 244 11 115 125 208 0 40 58 51 24 122
222 22 91 250 149 77 43 132 236 74 180 128 0 185 84 94 35 106 57 212 77 112 46 67 21 36 244 18 68 34 134 205 226 51 154 122 93 234 152 230 69 140 241 15 125 252 111 92 113 165 93 226 231 15 82 226 169 157 32 114 198 91 94 78 219 124 140 17 45 223 159 72 160 66 149 19 65 62 128 54 223 80 238 137 199 149 150 107 224 81 88 19 195 206 53 32 215 179 11 47 253 60 48 254 25 25 181 111 115 26 252 110 26 178 110 127 206 101 224 157 229 237 83 149 150 206 164 250
76 235 217 158 11 72 25 75 30 147 112 95 225 198 77 116 79 133 101 158 245 76 236 101 131 47 65 40 70 250 224 201 46 185 135 70 47 122 17 158 248 204 120 204 142 63 110 151 75 220 48 39 5 54 231 31 214 177 43 57 207 249 234 7 119 209 51 62 208 204 106 59 188 253 192 122 162 241 67 3 193 219 48 0 38 164 78 70 50 124 194 7 187 76 33 241 18 5 40 118 29 67 218 70 191 244 154 41 21 219 102 19 154 212 243 173 140 241 59 70 23 135 146 203 17 57 108 252
158 131 2 148 36 29 49 108 7 30 220 177 74 188 235 186 25 211 21 100 99 14 125 157 113 17 218 11 138 255 68 46 226 237 125 112 179 154 107 190 1 26 58 95 245 52 144 93 84 52 213 152 110 224 217 198 53 31 92 34 238 49 23 203 122 100 75 58 82 182 97 162 140 148 149 208 196 96 185 194 113 214 170 67 3 111 87 163 190 190 10 105 34 219 182 167 108 223 155 239 49 97 31 0 42 155 138 70 188 247 13 136 4 185 49 37 149 184 180 45 72 151 183 179 19 242 229 196
1 70 43 145 146 14 104 6 230 105 145 156 69 217 220 16 183 136 194 10 177 9 134 83 219 0 210 106 75 113 124 149 255 154 23 1 3 118 191 25 202 242 28 63 89 12 126 128 19 25 192 180 213 22 14 205 240 33 193 15 167 192 3 18 98 8 113 75 172 95 194 214 6 245 244 252 94 240 181 176 62 5 162 248 154 202 200 31 240 72 90 123 123 173 153 136 223 102 86 188 97 173 45 216 128 186 245 161 36 76 10 158 54 169 55 119 78 221 152 254 165 180 104 219 230 3 141 85
234 39 42 44 164 114 34 216 89 29 20 212 23 200 1 104 109 17 197 10 224 83 75 219 84 173 240 221 146 5 220 203 202 28 14 173 248 223 17 27 89 109 39 114 44 21 35 183 31 7 236 171 219 92 114 212 204 181 218 117 104 127 128 162 139 74 174 199 114 7 32 87 239 171 10 29 24 241 247 48 253 154 22 130 90 96 254 144 88 240 25 223 154 143 235 6 4 143 114 237 92 197 143 13 56 246 103 56 128 5 247 208 20 129 126 64 55 111 191 210 138 92 109 231 105 213 228 5
5 211 115 88 59 5 220 47 110 51 143 14 92 234 160 172 9 208 2 183 182 38 138 232 189 90 23 106 84 64 70 183 166 52 62 188 236 205 254 201 123 173 34 122 211 9 173 22 96 16 37 128 118 250 119 110 83 86 229 106 33 214 20 234 196 55 93 74 203 156 159 195 223 252 148 230 46 203 164 52 174 169 53 171 241 48 86 59 149 234 240 201 49 15 123 229 136 47 79 229 25 9 60 190 227 97 12 64 96 166 16 107 12 93 121 235 65 231 149 249 212 175 211 220 104 32 28 249
203 205 142 129 117 230 131 14 108 9 98 145 148 15 53 138 227 50 108 29 181 14 254 220 29 6 26 195 160 95 172 151 88 121 88 44 234 245 165 229 135 122 169 136 148 57 95 140 227 49 94 32 255 30 157 215 195 177 170 18 150 179 9 162 241 56 233 155 23 122 139 202 9 125 191 125 33 55 35 11 15 88 192 172 141 192 196 69 110 107 117 202 156 204 251 160 82 104 145 251 156 189 206 152 173 79 134 21 236 23 153 251 240 29 151 161 71 48 238 157 113 160 180 147 197 241 53 146
66 124 144 166 30 185 191 181 2 207 13 139 193 130 75 82 19 161 175 142 186 181 100 106 171 152 89 222 20 135 51 146 156 8 183 115 51 249 210 45 218 40 244 136 168 53 2 179 78 255 226 176 208 164 40 115 222 36 233 22 22 21 149 105 88 168 146 110 163 161 123 247 249 119 37 26 223 102 211 13 87 130 71 35 225 248 241 184 254 76 139 0 56 71 198 160 60 82 175 53 18 88 153 104 63 138 117 55 44 50 35 42 42 153 40 132 24 172 35 93 223 42 249 145 44 139 205 65
160 30 239 210 4 225 122 155 168 26 153 124 254 238 189 244 72 94 54 228 54 52 231 225 52 180 34 101 110 81 33 160 11 219 158 190 179 170 163 171 224 127 129 141 76 85 172 229 44 0 179 159 228 67 136 174 253 104 56 69 176 49 182 125 245 57 6 240 154 59 244 191 114 23 8 197 2 23 101 61 70 183 69 37 18 250 133 2 158 76 149 137 64 55 68 21 254 217 235 254 244 196 83 129 161 244 142 12 21 129 43 126 197 153 133 77 54 71 125 163 245 241 165 189 153 44 45 147
133 151 19 10 237 43 33 19 59 214 37 191 29 112 113 101 174 188 203 146 180 189 226 98 47 16 81 187 25 124 177 86 126 93 3 141 110 44 227 134 22 191 124 240 82 191 106 136 33 200 173 88 225 9 226 137 52 110 16 147 88 167 208 183 184 234 255 12 141 202 217 104 55 198 173 141 149 239 205 153 24 86 93 107 135 228 32 9 174 125 176 251 33 239 226 105 57 82 19 242 20 88 27 234 157 71 102 35 134 87 52 228 147 82 167 10 250 52 5 219 182 143 228 30 49 76 7 84
157 221 87 49 205 15 20 22 86 37 230 185 15 212 185 87 168 35 66 139 79 244 140 1 235 221 240 136 224 17 12 13 54 229 235 118 161 0 152 244 93 182 182 1 250 202 42 200 20 10 121 100 212 26 45 138 248 109 186 255 7 186 107 255 168 154 254 209 139 158 134 227 224 255 166 146 178 219 49 21 158 101 75 50 141 17 126 56 70 226 163 235 140 138 226 217 254 233 148 108 128 33 83 226 99 59 140 158 8 140 45 123 16 221 254 51 239 17 42 58 211 29 252 83 152 59 139 196
204 222 78 88 225 123 145 15 117 117 14 101 187 62 74 43 50 253 176 5 40 52 136 77 51 129 12 169 179 206 129 9 62 119 132 43 149 172 147 255 210 226 113 154 191 112 186 162 70 209 156 158 137 7 228 108 178 226 169 178 139 97 51 109 129 0 188 74 28 21 3 134 172 155 194 74 148 47 112 189 50 97 106 193 121 127 177 211 57 169 98 99 224 253 140 113 15 213 7 39 171 103 64 125 200 112 191 231 19 181 184 73 33 101 89 3 29 66 19 7 114 164 240 226 29 56 93 26
30 87 209 74 130 38 253 117 43 73 191 97 161 249 153 96 133 194 120 250 27 77 59 158 40 251 201 111 234 80 137 227 131 10 68 183 116 201 239 179 219 234 145 105 179 86 67 11 164 123 221 233 38 148 239 39 158 135 48 184 66 0 33 31 230 157 14 123 4 51 73 182 212 140 143 21 33 18 4 96 234 27 23 93 71 159 86 144 140 102 152 125 33 54 61 238 171 82 171 72 30 125 111 195 64 51 222 136 67 230 151 120 89 177 171 53 150 34 75 11 0 98 140 126 73 49 46 131
59 89 43 135 70 5 139 170 49 76 97 172 60 90 186 22 192 75 208 190 66 231 117 65 61 143 223 186 96 51 130 39 17 220 146 108 108 145 159 139 184 74 185 116 142 212 28 245 84 41 158 223 44 147 23 141 84 171 223 92 217 241 152 182 43 184 239 188 174 223 178 194 185 48 123 254 156 31 18 81 13 62 192 236 182 238 220 18 132 201 154 140 188 90 104 135 161 199 27 78 1 49 28 34 149 225 79 159 21 136 239 22 241 100 46 175 12 226 53 45 157 255 230 134 230 52 188 152
59 3 107 87 182 81 224 141 244 213 150 116 151 144 14 173 231 60 240 20 90 9 237 178 120 120 145 74 66 108 4 195 53 244 23 37 181 36 170 63 35 123 158 170 169 242 86 114 120 94 144 245 156 250 232 24 56 136 64 40 141 135 130 236 192 71 62 7 26 243 47 10 82 149 201 189 215 44 131 227 55 134 170 90 187 133 167 39 134 1 135 129 79 183 47 24 161 216 160 15 154 50 1 243 251 0 130 45 203 78 236 68 67 179 12 178 100 93 98 80 95 21 239 154 66 21 149 83
106 40 121 218 224 225 160 82 161 34 130 246 77 18 166 245 37 188 15 92 110 60 112 142 59 155 200 158 49 65 2 92 161 252 154 114 143 41 233 36 115 205 110 129 56 132 3 158 145 117 57 100 111 29 193 139 13 130 54 250 182 47 89 128 68 186 166 159 160 11 67 244 116 154 82 36 22 50 225 182 217 84 158 178 205 37 173 43 66 205 59 247 233 135 70 169 113 217 20 229 59 204 41 148 17 91 217 142 49 56 203 72 30 89 196 3 60 94 190 215 223 72 56 206 238 245 218 114
230 118 142 238 63 109 177 221 24 197 226 187 35 187 164 123 82 223 207 109 202 231 224 41 153 205 126 97 109 173 237 75 229 106 158 190 233 0 193 162 35 33 156 27 114 99 197 56 173 211 225 200 150 35 219 202 241 178 177 127 99 63 33 32 210 81 243 17 105 83 169 161 89 23 179 210 236 252 126 174 253 240 70 100 139 226 129 165 107 242 84 27 140 191 216 24 19 14 126 44 131 178 193 79 183 198 3 220 33 207 115 15 115 206 56 44 156 134 233 219 119 163 196 200 206 145 43 170
147 141 218 205 166 229 96 8 136 13 38 22 181 100 48 240 170 126 117 111 207 243 46 76 14 64 131 201 224 14 100 252 64 161 116 125 21 102 167 14 117 54 179 221 100 219 20 154 127 105 53 97 186 222 166 115 184 54 217 160 23 221 136 195 141 67 169 54 182 218 68 217 77 29 158 215 93 42 238 68 97 30 224 214 138 50 251 245 212 132 218 144 159 192 7 207 181 236 181 82 49 73 131 63 150 58 250 88 203 23 213 232 219 32 61 152 166 245 97 132 209 106 223 32 38 129 68 133
5 89 174 130 12 8 24 188 67 14 161 75 18 122 224 225 223 173 113 87 3 187 18 165 84 11 100 82 219 234 59 26 152 58 164 213 190 53 94 183 190 155 237 44 140 217 183 116 237 211 135 60 107 55 155 101 95 7 27 42 132 202 230 82 226 164 221 3 150 197 150 121 112 110 244 108 98 64 244 221 89 241 12 216 14 208 28 241 64 147 26 231 24 38 76 72 241 254 195 124 31 178 69 216 43 82 223 107 219 79 20 126 39 53 64 222 156 169 219 68 2 111 75 135 230 160 36 65
161 115 117 140 110 99 234 164 79 78 57 166 245 98 197 103 240 127 97 20 6 106 108 213 54 77 168 214 149 219 120 111 199 249 17 27 127 130 71 214 128 57 70 136 205 177 178 138 22 246 14 237 44 152 182 227 163 12 120 140 105 244 122 198 253 238 154 87 74 72 199 70 1 123 4 186 55 76 17 39 182 227 168 230 82 132 197 214 203 153 193 157 21 177 70 189 252 141 78 14 237 244 110 26 163 153 249 224 233 57 73 109 154 43 154 4 182 199 97 173 47 22 161 173 127 176 67 112
146 106 105 230 188 46 208 80 33 90 78 40 190 95 117 220 113 212 53 135 186 251 7 187 35 117 126 180 134 148 226 38 149 84 238 44 16 195 167 46 215 68 197 62 252 236 167 181 18 187 10 17 111 149 134 171 114 99 180 40 15 13 35 112 137 222 63 30 77 209 63 127 214 138 103 74 219 79 128 240 76 148 37 192 205 50 168 250 34 78 149 177 196 47 223 168 147 233 57 195 68 32 114 103 114 188 223 168 210 209 218 187 172 238 82 203 219 99 77 125 53 0 34 38 211 89 118 192
244 126 231 141 227 49 32 40 230 98 126 5 241 238 255 71 106 175 221 125 123 93 10 58 151 42 234 215 225 47 218 249 4 207 231 120 46 253 93 166 198 133 171 75 102 160 178 56 77 202 79 70 217 88 147 61 223 33 191 100 44 230 219 154 206 77 240 233 150 101 61 223 143 119 107 249 111 116 156 28 234 7 150 191 254 30 82 230 201 117 205 252 109 250 30 104 78 14 34 195 18 169 110 42 252 246 195 72 141 124 210 90 110 137 97 111 63 111 212 31 164 77 32 185 184 214 20 69
181 78 151 181 217 193 165 168 116 154 153 173 229 102 112 126 26 60 230 124 247 142 5 175 170 78 164 36 15 170 149 26 131 223 170 245 8 227 23 235 56 255 89 56 235 49 34 103 174 238 184 250 89 138 169 154 195 215 158 32 79 56 243 1 166 70 247 250 38 52 28 125 139 37 73 96 77 16 171 241 183 138 153 207 3 111 119 119 154 229 221 1 209 145 203 33 106 146 235 113 45 251 158 81 245 165 186 63 46 218 44 35 64 103 204 177 5 22 174 171 246 30 188 169 220 26 148 218
77 70 64 118 41 229 179 11 152 22 230 180 102 193 135 5 124 90 111 250 186 18 1 58 211 18 223 23 41 72 145 52 204 137 11 144 244 212 22 1 135 200 11 173 15 150 193 87 226 156 26 162 108 81 93 41 137 247 34 67 52 252 70 207 192 248 252 223 112 98 43 108 95 33 219 62 105 166 164 60 64 102 79 216 249 93 97 236 161 171 129 120 242 160 105 74 20 182 161 36 66 211 116 249 118 40 250 210 126 183 36 35 80 193 3 20 136 104 175 210 177 112 132 203 124 68 226 199
148 102 154 153 12 51 85 160 196 193 108 224 234 55 232 117 171 207 158 205 153 66 120 102 16 142 231 102 175 195 247 246 244 243 155 34 150 91 133 163 39 32 37 68 52 172 179 233 101 172 86 0 49 229 1 139 113 111 69 167 86 237 160 106 5 36 228 21 101 154 55 55 54 219 229 45 129 168 45 117 0 200 182 62 52 184 9 242 25 85 246 103 116 154 194 133 9 31 210 175 26 131 7 155 89 160 200 113 45 166 32 172 144 27 247 128 9 85 117 200 91 119 220 23 172 210 71 200
69 203 146 86 35 71 225 111 199 58 232 52 34 52 211 134 86 30 56 189 77 116 75 115 188 225 132 4 140 199 173 213 188 86 230 157 129 177 213 239 173 183 168 178 133 236 116 144 254 72 48 129 222 188 137 53 174 224 98 11 104 199 194 21 182 153 71 64 136 96 45 219 201 35 226 60 158 251 95 165 220 99 140 68 69 77 149 222 34 106 96 67 205 7 230 245 193 225 3 249 35 252 234 155 40 139 137 202 195 120 196 182 207 185 18 228 138 176 173 63 55 32 168 182 103 103 113 125
214 210 190 88 114 220 69 232 92 78 29 241 181 25 88 117 171 64 5 124 165 136 117 125 11 170 120 47 44 61 91 81 250 117 192 186 136 89 200 213 159 209 97 66 20 12 119 178 145 16 162 210 209 130 30 173 161 6 144 189 67 96 176 172 98 145 74 74 10 88 123 17 116 39 171 117 63 236 198 188 39 158 16 183 117 14 136 209 182 15 3 171 179 131 120 234 179 216 205 134 252 166 208 19 13 18 210 54 136 79 85 130 112 107 11 83 32 180 27 37 181 245 221 177 189 213 217 58
230 215 252 116 20 220 175 23 194 174 197 183 225 64 142 137 39 58 34 175 117 250 164 228 236 252 11 91 30 38 37 39 54 127 94 25 104 195 148 128 254 3 72 174 38 249 71 159 153 130 7 91 176 248 27 243 155 136 161 144 25 252 52 159 28 175 255 31 150 121 30 155 247 165 97 37 97 71 50 39 12 183 128 108 11 94 206 98 86 105 92 171 135 57 116 111 71 42 18 30 24 240 127 112 176 43 66 198 71 207 207 130 14 255 242 217 125 36 162 93 79 3 49 172 213 91 123 180
130 96 230 191 15 36 170 202 41 11 13 61 100 124 173 57 81 25 171 25 218 19 93 58 86 215 65 84 213 185 142 250 161 129 35 32 217 208 242 6 246 20 159 106 98 31 54 136 187 11 217 194 127 89 118 16 87 250 245 71 141 162 105 27 169 159 24 219 211 158 107 153 206 205 246 115 48 178 50 50 202 158 114 41 195 226 173 162 128 118 108 164 142 105 95 153 88 29 67 112 142 86 195 246 236 235 137 84 110 52 145 192 9 211 49 132 173 207 101 200 75 236 182 253 70 34 205 23
0 105 123 192 178 230 195 139 14 157 38 75 167 195 66 95 12 178 108 237 55 218 17 104 92 124 37 47 135 112 207 243 168 255 123 104 64 54 132 29 190 89 98 95 255 111 45 166 76 158 86 252 145 118 199 220 184 29 40 1 194 79 155 28 19 69 54 166 176 75 41 181 14 160 55 130 253 255 77 56 141 81 235 39 235 3 102 81 167 4 69 164 224 132 248 214 39 203 207 206 93 176 162 10 205 232 88 196 92 161 0 204 82 66 223 19 60 178 178 210 224 162 139 203 231 31 252 89
120 97 141 88 172 14 69 159 22 200 67 218 38 142 246 129 60 122 229 143 9 238 252 65 41 115 118 20 86 59 113 200 25 250 167 190 108 40 163 4 189 184 71 144 220 107 178 137 167 190 144 115 44 147 254 245 254 2 114 163 49 224 234 151 28 218 150 113 232 29 237 81 205 239 115 9 42 125 204 51 54 0 167 233 163 207 236 246 203 156 173 73 172 202 101 146 176 23 131 71 248 147 95 2 14 185 186 12 49 215 247 44 231 55 167 183 204 50 7 97 105 252 209 232 2 216 20 115
133 43 132 118 206 84 66 92 250 113 106 208 7 222 32 236 209 59 45 84 212 63 202 79 14 2 126 98 94 23 214 209 17 105 174 74 132 98 251 225 69 23 129 75 215 219 221 107 55 165 176 143 230 155 153 1 8 232 112 83 176 115 86 86 121 3 216 16 128 132 11 238 208 106 181 176 242 152 41 216 43 225 2 79 115 55 69 143 156 205 108 100 254 127 207 168 20 233 176 47 99 142 99 220 221 42 163 12 170 2 223 92 170 23 127 167 195 152 134 82 60 160 87 108 161 238 94 162
58 35 177 238 172 11 75 149 210 57 216 4 102 129 101 21 57 97 44 211 155 104 78 108 238 251 190 4 237 150 213 31 44 148 71 44 169 138 62 125 255 194 138 3 175 161 205 138 134 254 102 130 31 47 3 93 51 99 140 90 162 2 132 125 17 75 127 81 52 21 90 178 13 183 113 249 189 122 165 37 242 236 250 147 99 143 93 79 192 212 36 237 81 183 247 120 1 219 146 227 139 72 206 165 226 222 237 86 126 38 189 188 55 198 78 167 16 153 139 76 246 10 239 49 223 199 86 119
77 74 145 93 51 38 209 66 4 34 78 175 215 172 195 31 13 66 158 145 108 33 154 58 191 101 191 21 237 116 118 247 187 239 0 20 83 178 177 209 60 98 96 197 25 205 30 160 196 196 120 179 125 182 161 69 47 16 9 166 8 80 32 201 80 175 135 56 80 177 210 247 175 81 168 200 200 194 84 36 65 103 178 147 193 191 196 22 172 49 169 37 124 206 186 41 218 80 138 42 161 128 114 229 136 228 236 158 74 157 16 67 14 30 112 250 53 161 69 139 192 200 8 150 14 150 202 248
10 19 144 75 214 48 19 240 77 132 82 183 94 164 36 142 30 211 5 52 59 106 239 128 44 194 48 164 189 25 216 86 197 159 245 105 6 127 179 5 158 168 226 7 145 89 66 124 255 187 50 132 189 216 142 64 159 55 236 129 15 243 147 1 142 212 115 233 109 192 122 12 113 125 251 181 90 216 140 231 16 234 199 77 42 251 7 38 246 181 40 165 202 36 179 49 235 30 0 64 131 93 89 130 18 99 118 167 188 109 230 154 118 16 248 153 18 109 203 37 62 242 78 157 226 13 61 89
2 142 63 41 177 211 47 252 174 104 239 181 247 137 233 201 149 63 168 137 4 5 134 53 27 178 7 190 166 95 28 246 78 135 111 11 194 117 94 8 23 201 166 187 176 234 186 88 212 89 68 243 26 120 141 254 184 56 237 149 40 79 29 143 115 204 224 35 213 23 25 147 100 104 124 236 40 89 95 232 9 84 66 142 242 228 136 186 127 192 4 71 204 197 237 141 156 152 68 159 49 208 4 224 9 106 224 219 165 101 185 16 9 120 185 27 91 125 110 193 167 17 70 143 24 47 41 121
139 8 251 161 142 22 74 36 137 11 22 237 114 158 76 127 79 174 198 9 40 238 193 216 26 17 231 129 73 50 69 183 169 66 141 187 112 217 249 111 114 157 225 168 246 1 221 187 250 18 134 220 177 141 246 62 156 53 12 168 39 224 48 29 147 119 178 161 26 58 161 14 185 154 34 156 213 174 193 52 91 248 40 42 255 28 47 243 168 86 204 218 206 216 249 190 38 60 15 132 214 40 151 211 250 67 119 5 205 61 1 197 215 6 10 210 227 169 216 46 190 64 68 176 4 239 200 157
49 195 75 168 184 131 190 189 251 78 64 13 129 19 219 149 232 43 152 180 202 131 246 86 214 23 136 86 199 85 30 133 126 125 129 208 162 174 46 206 128 62 243 39 215 162 19 81 236 251 222 85 45 48 201 145 210 34 101 26 95 208 44 157 122 252 178 4 235 114 87 44 130 61 213 82 3 225 203 59 251 136 10 179 237 128 106 207 110 168 118 107 223 132 196 193 52 0 70 76 250 155 69 36 206 63 174 239 164 252 75 150 171 11 9 186 38 171 142 91 52 117 188 248 153 230 116 47
158 221 141 77 147 162 162 188 226 150 171 49 180 57 246 226 67 56 230 247 46 46 52 124 223 218 86 20 35 66 67 100 173 8 22 201 156 83 169 52 36 34 129 242 183 149 124 223 146 86 211 183 67 89 29 107 116 180 14 147 108 21 167 91 54 188 115 94 227 22 92 38 78 136 167 75 103 123 85 176 238 52 45 17 192 123 206 145 34 230 253 96 210 115 224 121 250 150 191 128 53 189 233 128 152 190 177 63 116 200 152 229 85 199 56 248 71 106 176 100 7 192 160 255 175 26 92 246
217 110 27 74 154 14 234 168 101 30 170 153 130 168 77 53 249 67 254 225 100 218 118 196 70 255 109 149 151 227 111 119 254 212 19 90 208 162 88 99 238 239 138 216 78 187 181 112 142 174 90 135 254 48 1 118 0 158 136 158 103 217 213 238 35 224 198 193 58 153 232 117 33 179 204 73 70 13 127 66 124 81 170 175 251 144 209 226 197 97 59 68 46 105 241 200 32 136 7 167 189 53 29 152 138 28 177 65 143 32 46 118 74 109 214 203 72 166 248 177 97 35 234 88 35 174 53 230
132 112 222 245 79 35 176 53 47 180 98 44 139 90 37 198 195 36 222 182 105 123 82 156 224 150 223 218 15 220 45 142 141 181 10 223 168 173 105 220 234 94 32 133 64 167 31 255 26 238 162 140 163 232 65 156 228 103 81 75 18 6 56 6 186 1 76 219 95 184 157 164 142 236 36 195 42 123 84 156 194 217 107 131 238 201 81 39 175 115 195 128 40 245 108 205 253 179 97 235 165 162 213 99 27 117 150 143 97 20 253 12 98 89 6 24 74 108 5 60 175 79 177 27 242 123 228 48
209 250 64 196 40 41 2 215 63 224 156 134 75 18 136 153 53 177 109 142 28 255 197 104 214 244 211 110 71 243 111 78 190 143 207 5 50 61 208 85 118 243 160 205 103 103 16 24 173 183 172 97 104 53 196 6 138 101 213 118 162 186 194 195 82 93 210 112 190 164 76 189 80 110 58 34 181 141 216 104 205 97 149 246 186 51 209 2 11 34 156 245 245 189 130 182 228 154 128 2 218 195 226 236 9 23 248 13 178 92 100 233 82 122 220 98 81 91 178 29 64 16 86 251 122 111 218 83
69 23 87 123 50 31 76 67 114 159 51 236 214 7 205 173 139 117 121 87 201 36 143 127 47 32 206 126 203 247 243 164 2 207 44 212 30 214 36 233 53 56 155 168 83 59 88 139 188 67 122 78 167 244 84 53 219 203 230 116 189 48 91 180 234 194 197 159 158 80 52 99 205 97 160 102 31 151 185 181 119 104 192 50 1 79 133 46 210 123 137 57 217 205 156 116 45 131 151 189 218 125 24 51 182 162 223 53 69 223 232 140 250 247 123 47 75 183 78 244 91 77 137 73 158 171 191 41
56 71 50 253 96 169 137 80 200 223 206 253 152 172 16 66 80 127 213 122 155 176 94 107 47 152 207 55 32 200 38 143 126 2 131 113 227 252 183 154 75 224 7 226 174 177 48 175 70 97 100 148 239 151 55 86 96 77 141 230 103 197 48 164 222 134 93 225 107 45 109 111 113 55 109 208 36 17 246 6 42 152 73 226 63 199 78 177 191 120 76 131 48 162 4 178 203 59 55 43 43 165 159 80 191 25 140 199 63 99 138 208 9 156 11 254 138 217 245 65 217 245 139 169 58 142 98 146
25 219 68 63 127 175 223 104 60 140 153 237 215 230 137 149 91 173 120 236 51 160 143 158 81 17 145 236 41 211 67 30 52 58 185 169 74 163 137 10 95 103 53 240 158 179 89 185 15 176 150 59 165 42 60 54 8 186 50 147 134 79 146 13 97 145 79 254 86 129 171 219 243 39 176 254 146 173 34 49 50 251 13 205 153 107 130 222 211 42 68 150 229 21 223 52 38 67 175 160 36 154 81 19 176 56 111 100 146 10 184 5 60 252 3 57 200 136 125 212 19 80 129 229 0 135 233 188
28 214 199 149 249 120 107 231 222 215 220 91 173 193 190 175 57 28 202 83 6 65 234 60 19 239 37 44 235 122 98 22 216 67 95 47 221 81 72 201 249 210 234 170 248 99 215 38 21 235 77 73 152 176 109 227 187 243 29 81 30 33 16 145 96 190 87 216 231 202 83 75 128 201 244 23 185 92 27 193 54 148 250 242 230 123 137 198 192 133 62 106 5 117 23 226 243 180 211 211 53 119 172 33 92 28 236 210 123 122 237 158 234 135 185 174 44 59 205 106 5 174 131 13 67 233 129 183
167 225 154 167 96 175 37 117 226 206 81 114 26 69 211 225 181 15 121 79 15 204 238 236 123 100 213 132 174 197 162 10 188 69 33 170 169 147 162 40 60 225 221 99 189 54 120 158 86 242 169 104 74 128 185 66 166 242 36 55 122 214 58 160 175 67 158 42 252 8 30 112 129 1 109 159 136 155 182 107 143 142 135 249 5 137 37 6 252 12 29 25 233 213 24 251 235 87 45 168 58 125 28 3 200 143 133 153 71 110 40 70 216 195 101 191 186 8 48 46 130 49 179 81 52 178 235 132
96 193 249 66 202 234 25 0 145 126 128 73 102 202 42 55 225 20 123 214 230 23 99 112 181 141 76 217 180 166 162 242 243 106 17 208 88 142 124 172 227 177 82 71 247 189 5 30 31 43 186 96 219 239 98 210 248 244 77 74 6 115 0 192 76 230 181 175 224 201 151 153 30 69 48 60 231 248 79 179 90 148 55 190 87 207 234 219 187 112 254 202 30 134 111 155 234 243 137 136 179 254 18 121 47 170 172 44 136 162 137 8 172 220 52 67 142 37 177 237 248 212 52 145 104 102 241 81
67 144 50 188 113 76 174 5 79 9 106 51 1 160 44 16 233 29 241 165 96 178 212 99 163 253 153 232 23 170 83 245 238 51 115 187 178 48 220 68 162 74 111 227 28 139 105 35 137 83 114 245 175 193 138 134 33 123 68 70 24 78 70 35 97 30 66 53 17 158 18 149 10 228 142 230 101 181 132 64 144 138 183 99 115 190 157 152 81 42 160 27 42 220 101 124 112 177 156 159 162 5 246 145 207 48 129 122 45 157 23 142 120 60 41 49 8 90 26 240 59 193 138 234 160 127 40 58
60 24 213 122 245 197 133 175 148 197 189 253 222 91 242 91 184 122 3 72 82 129 249 44 19 247 67 15 87 121 6 84 6 69 91 232 28 14 180 38 44 144 214 75 235 136 229 54 73 101 126 236 255 248 182 137 3 179 15 124 189 64 239 42 26 233 126 177 76 227 147 248 127 172 193 29 56 32 4 226 7 58 189 67 82 140 145 93 38 69 203 173 116 59 136 48 185 104 200 243 6 84 166 78 92 172 235 209 78 55 184 190 95 254 142 231 187 188 172 59 135 42 82 198 113 91 131 181
100 116 214 248 24 225 166 50 40 23 242 60 150 227 54 204 210 18 84 31 171 13 2 9 107 188 146 61 41 210 144 147 27 63 128 148 174 5 175 64 86 19 230 94 19 67 12 19 65 153 0 9 244 56 66 217 59 238 235 31 198 94 47 34 243 199 251 71 183 3 16 182 18 63 222 85 233 27 53 26 113 61 75 81 157 35 252 167 253 77 197 144 89 203 240 234 42 134 202 167 213 151 173 16 121 197 69 216 67 106 163 51 156 4 65 97 22 135 164 197 71 113 32 240 163 243 62 137
220 155 141 97 252 94 228 253 198 90 96 108 58 162 29 93 26 13 13 106 138 21 105 112 170 221 192 195 126 46 59 128 147 221 223 188 248 62 248 33 121 213 30 108 104 114 6 84 253 63 183 87 131 26 51 133 93 35 28 21 77 1 177 89 162 72 249 64 193 85 250 236 232 167 85 19 202 61 34 64 49 251 36 85 142 128 226 130 1 244 123 48 101 139 14 210 87 147 83 165 107 177 187 188 215 102 11 191 48 227 236 94 92 40 15 125 14 141 146 156 117 158 135 123 64 34 111 184
194 10 53 88 246 26 144 88 251 140 137 245 201 145 137 30 163 72 77 254 84 61 195 122 239 78 110 164 95 1 154 132 232 52 161 216 133 181 234 84 145 151 42 96 15 175 236 242 192 90 124 150 134 156 43 206 107 16 142 94 113 10 143 215 53 251 243 242 66 156 85 170 165 74 149 155 210 131 72 128 111 134 228 228 218 148 24 38 234 35 54 158 208 22 51 74 190 116 179 21 52 45 0 94 52 105 237 78 12 241 25 6 40 57 214 151 111 57 92 69 121 70 101 234 131 238 217 237
140 177 32 168 30 252 230 135 160 226 180 90 169 163 250 13 11 217 105 168 234 67 254 241 155 51 242 161 17 214 61 184 188 200 216 248 38 67 199 44 159 198 121 155 166 93 109 25 247 33 17 2 238 51 52 229 17 119 178 252 97 118 143 200 94 43 78 37 99 254 3 70 68 255 109 92 185 139 251 33 71 140 243 246 181 221 216 76 238 89 31 172 104 20 105 41 220 209 177 174 203 45 15 169 163 6 22 111 203 202 109 207 151 37 148 102 203 246 66 182 150 56 158 77 2 242 141 34
247 46 225 194 136 175 135 14 220 184 57 93 236 158 47 122 169 28 194 31 111 12 3 15 127 119 0 52 34 207 134 146 72 12 215 36 128 139 4 19 228 50 205 229 100 191 122 191 27 203 150 68 22 155 92 163 98 165 47 59 30 5 3 64 114 40 179 167 110 193 152 23 191 204 255 76 179 65 145 41 134 225 199 205 230 196 229 146 216 51 214 175 48 224 146 36 247 103 231 150 111 138 119 77 119 229 245 121 0 133 42 28 115 23 96 96 171 92 56 142 108 198 227 112 239 85 11 185
221 27 254 180 27 135 78 139 141 173 27 15 132 58 56 188 171 231 67 59 141 231 58 200 30 163 24 179 199 231 247 163 153 42 119 181 40 210 87 158 217 67 127 146 26 92 75 203 185 87 241 66 238 144 150 205 129 65 185 57 201 32 189 89 169 125 143 136 165 160 233 216 207 139 127 67 189 115 78 236 10 124 76 189 49 57 165 19 224 170 135 196 124 212 180 215 153 118 40 184 92 115 39 6 249 201 14 161 118 240 51 131 188 141 179 228 244 137 119 227 202 67 120 141 34 138 152 117
90 132 52 72 42 36 138 97 230 35 222 60 214 64 221 173 105 117 159 25 19 232 151 24 90 24 37 158 77 181 159 232 76 24 228 195 60 161 150 160 23 25 58 156 102 169 84 189 162 107 229 33 109 174 143 76 54 208 126 179 135 61 38 171 62 99 57 189 32 240 213 200 104 14 112 94 92 48 220 74 148 136 29 140 23 168 136 124 95 211 188 19 65 5 61 47 173 155 60 153 107 113 32 51 238 233 197 4 250 22 241 196 7 238 31 89 225 24 137 136 172 21 27 207 113 19 191 170
91 142 247 160 127 61 248 41 87 202 248 95 88 196 112 148 145 227 238 233 192 182 18 184 111 139 141 160 236 102 230 76 104 48 255 237 68 113 67 241 134 72 66 125 36 51 11 26 177 230 124 167 95 64 246 23 81 73 141 164 231 147 70 158 160 210 66 13 110 49 172 215 120 62 196 35 109 143 244 220 216 140 205 31 225 198 160 154 39 4 77 53 75 37 114 164 136 183 199 252 33 200 190 62 102 71 249 171 151 76 240 29 80 168 149 184 242 167 7 68 223 156 217 235 93 83 53 158
100 239 133 46 126 98 175 251 169 195 215 192 33 47 50 246 227 35 253 133 178 117 174 237 37 38 16 97 196 231 223 249 32 92 249 190 109 86 53 250 89 1 131 204 96 215 165 182 165 132 127 152 66 46 10 77 80 198 179 175 224 168 125 36 226 55 246 217 153 31 18 17 227 83 140 92 10 253 114 178 52 135 248 213 46 167 83 100 111 221 46 122 179 10 217 101 60 198 37 234 214 248 189 116 50 236 179 183 57 174 88 30 107 167 99 157 131 127 29 11 208 15 202 250 92 132 143 106
247 13 209 130 210 101 154 208 72 219 254 54 5 52 7 192 185 29 20 135 165 13 100 82 137 104 175 95 19 200 78 222 249 45 38 248 246 254 197 155 212 161 153 45 114 83 181 206 250 207 121 159 20 255 139 123 100 199 56 143 253 32 109 150 53 151 161 31 173 227 223 13 78 51 80 178 245 155 27 23 251 85 108 148 104 129 15 35 215 38 85 111 123 52 15 186 55 149 237 243 69 79 204 113 108 26 232 27 160 169 139 156 242 185 126 161 175 118 198 191 164 81 167 74 49 93 96 136
75 163 62 127 100 54 156 85 233 20 43 94 194 19 43 195 216 207 173 175 36 249 191 209 36 198 40 228 151 159 117 80 177 179 50 20 195 221 75 22 220 237 145 122 255 130 17 140 61 115 26 188 216 47 227 111 239 247 248 73 153 3 43 93 84 41 15 86 227 161 111 225 44 159 204 241 208 219 41 100 39 115 72 28 83 101 246 136 57 99 65 150 56 120 151 127 252 231 115 179 10 16 178 29 103 169 182 169 30 246 52 168 218 216 222 16 153 96 164 229 227 149 106 245 230 179 187 142
148 198 231 5 171 209 241 167 228 38 54 8 187 122 38 30 233 130 57 142 247 16 107 242 149 44 68 19 253 185 62 175 156 138 47 82 46 70 169 46 203 39 211 202 129 214 31 186 203 175 82 143 47 61 201 146 29 60 163 148 250 215 20 225 197 214 208 234 32 86 219 200 191 140 206 26 246 182 10 200 150 251 10 253 169 88 184 162 99 144 63 164 15 161 243 186 176 143 16 176 89 80 208 195 147 165 21 4 241 181 157 9 195 123 4 223 104 174 78 26 36 93 237 100 93 136 238 69
181 118 228 101 136 218 184 22 109 178 225 162 214 241 120 199 191 227 187 101 129 188 108 69 23 169 172 240 185 205 189 222 167 146 171 234 167 58 125 203 82 78 123 95 138 203 113 237 230 170 222 57 53 164 189 2 118 248 24 104 44 135 104 209 106 199 39 254 254 239 21 39 98 171 13 78 97 125 67 120 2 205 237 126 125 40 13 50 231 188 208 50 106 35 213 191 208 10 154 123 181 120 70 254 159 93 217 243 105 112 87 252 209 178 212 102 213 110 56 151 157 158 73 3 211 125 31 89
12 33 245 157 14 117 153 103 53 124 208 200 138 86 4 242 217 6 158 88 125 5 107 114 97 243 70 26 254 147 205 231 174 96 121 92 42 235 123 2 157 38 192 201 122 152 41 135 46 46 51 120 226 92 190 82 225 47 40 5 174 32 71 100 22 206 215 178 115 106 222 102 43 171 255 67 223 2 52 211 178 147 153 140 199 154 39 173 129 10 254 108 221 2 141 215 24 198 67 50 137 192 103 237 102 124 20 101 92 206 45 81 171 55 118 68 14 131 207 86 67 27 210 137 108 209 113 94
193 80 86 38 128 33 20 248 35 247 101 255 9 73 95 220 80 0 55 212 174 145 152 108 123 162 126 186 162 44 58 134 251 174 59 64 35 159 205 196 42 48 5 244 153 214 195 230 115 248 50 249 28 129 204 122 189 234 25 30 213 125 54 201 211 157 131 64 244 98 75 41 225 12 252 33 196 206 69 46 74 60 70 75 238 235 170 175 197 28 148 202 232 214 54 53 253 123 234 251 13 167 69 223 121 127 5 136 158 42 18 60 221 252 237 107 214 33 229 95 73 50 60 190 225 167 158 54
86 148 215 220 248 29 155 215 144 42 216 130 55 108 253 167 165 34 111 125 247 251 51 216 139 205 155 103 102 236 229 60 147 237 176 112 211 49 5 8 29 206 28 112 241 69 17 144 206 111 161 29 245 150 249 45 151 43 61 239 222 194 16 208 80 56 55 133 208 213 121 102 219 106 79 176 130 100 135 26 29 229 79 116 164 81 40 204 97 194 210 199 67 188 104 135 180 105 31 57 101 80 146 254 187 69 189 216 118 236 209 178 155 252 103 245 249 192 66 29 133 22 101 33 182 33 33 65
4 112 246 111 109 100 175 31 218 112 122 10 234 12 92 84 22 133 147 198 193 175 137 151 41 57 232 133 198 231 40 117 219 173 66 8 1 3 248 214 144 125 254 231 177 5 33 85 56 175 144 236 135 151 46 12 126 44 190 71 25 85 72 129 241 10 132 189 207 63 81 144 64 222 230 18 114 77 65 195 15 228 142 167 110 223 58 198 106 23 122 80 115 20 132 13 90 171 72 6 219 117 9 212 119 28 245 77 49 60 179 213 126 185 128 137 200 216 174 62 181 236 210 8 252 241 33 110
215 2 9 225 144 152 118 189 195 87 229 106 121 234 125 46 43 54 250 130 188 247 82 6 129 10 138 247 131 183 118 120 136 155 227 237 249 232 87 25 233 139 254 183 47 242 138 107 218 65 233 185 37 184 30 249 34 253 107 214 98 114 248 0 249 171 117 162 207 85 119 138 129 96 93 155 7 74 77 242 18 254 130 222 59 57 153 227 165 113 120 32 163 154 63 178 110 253 46 251 11 235 122 163 160 199 122 64 149 238 125 30 155 157 201 59 16 101 45 168 146 29 176 159 15 134 235 252
190 82 146 142 172 109 32 219 28 177 216 139 221 247 30 68 247 195 15 223 107 194 95 167 53 240 120 1 64 235 178 18 177 181 234 38 166 189 87 236 15 105 167 49 51 11 247 6 92 92 125 141 95 242 151 47 5 159 91 92 113 217 143 12 180 23 171 165 174 56 188 85 97 155 63 107 178 116 127 2 131 185 140 6 172 169 32 113 132 64 73 202 242 23 185 162 172 31 206 128 120 52 199 53 207 213 114 100 35 139 240 72 151 56 205 71 84 132 47 142 155 36 57 222 230 68 26 108
12 227 42 160 43 47 233 40 38 74 85 25 248 246 0 209 22 147 136 101 153 37 155 117 127 177 113 253 115 245 31 85 252 215 198 64 65 99 186 207 210 201 211 30 197 99 126 65 51 65 143 17 74 200 27 183 189 190 171 17 217 108 164 49 50 73 231 9 129 227 238 35 18 194 167 119 23 131 220 66 189 85 233 231 135 101 162 193 243 53 146 242 218 239 251 114 128 214 243 231 218 84 221 169 70 150 224 97 252 46 40 92 205 151 203 175 36 246 182 207 132 3 94 15 2 97 128 0
155 65 102 197 158 87 170 195 203 120 145 70 236 3 21 178 80 91 37 168 109 125 14 143 142 140 250 73 7 227 114 21 236 103 247 124 63 186 203 236 227 12 236 117 130 42 117 220 16 127 75 156 238 113 147 201 231 105 160 83 145 147 176 190 124 231 234 47 219 73 125 200 16 111 99 144 80 1 253 177 21 119 67 197 227 152 105 4 237 96 56 98 155 82 119 201 37 182 162 245 172 160 145 123 229 181 153 113 169 165 129 173 94 250 130 99 91 75 214 231 80 244 122 99 157 121 178 12
145 129 77 246 248 186 69 252 117 178 146 75 248 239 101 35 146 176 23 159 180 192 32 19 143 121 139 135 43 36 251 231 55 74 118 251 49 72 124 20 2 160 139 11 76 142 254 110 114 24 249 250 27 21 204 160 226 158 189 89 228 129 212 52 58 158 242 205 65 103 217 91 195 101 157 51 43 149 38 232 242 173 155 182 125 107 102 132 32 41 3 85 220 123 185 197 241 68 141 48 16 245 208 52 40 244 93 45 98 225 12 237 8 216 108 44 14 210 109 167 155 228 35 233 141 150 155 25
136 48 21 117 243 104 115 25 140 159 170 80 248 159 194 218 240 210 39 208 189 235 133 60 190 240 97 137 173 46 205 41 160 214 4 172 141 111 158 29 222 252 54 72 44 231 244 54 165 39 173 49 197 171 155 171 25 10 127 36 206 107 170 190 12 191 209 86 227 182 209 162 21 124 183 104 30 170 47 187 202 159 57 164 174 33 85 205 57 86 113 99 147 134 99 149 168 46 19 98 228 33 70 72 159 97 225 50 118 87 212 38 38 174 253 100 82 86 99 178 50 81 70 141 208 223 81 185
16 181 6 35 82 23 163 116 244 68 130 193 248 25 212 141 163 62 145 234 193 244 197 158 13 190 166 145 219 174 98 184 100 175 41 79 36 146 55 32 44 124 160 248 237 75 217 143 115 253 160 31 220 234 8 201 152 60 226 48 251 197 36 233 237 91 215 196 197 171 116 148 63 106 57 207 44 132 100 52 108 23 164 95 174 236 161 218 251 155 71 24 78 48 112 9 224 241 130 163 195 226 243 134 52 102 237 87 70 60 99 141 190 170 56 218 10 98 119 151 77 194 127 16 214 158 59 215
83 98 245 136 38 140 184 224 214 197 1 43 205 2 168 102 186 78 97 242 229 169 2 82 98 59 28 249 138 93 199 187 178 83 15 150 100 178 10 224 121 196 139 177 139 44 30 153 46 128 64 225 176 126 48 130 218 240 35 231 72 100 102 160 14 163 33 30 152 58 20 87 18 216 11 85 59 199 173 101 255 111 178 202 9 90 207 190 25 204 64 70 48 33 128 105 36 120 184 108 209 98 1 176 232 218 167 251 242 31 87 122 140 204 113 121 80 207 66 206 67 170 77 147 183 75 108 94
191 90 139 57 220 128 169 204 199 104 176 37 122 18 48 250 121 136 196 231 96 240 142 173 100 227 216 196 72 7 242 58 232 79 249 33 20 40 172 69 228 197 112 238 166 186 176 182 48 15 92 229 227 90 62 171 42 5 26 84 2 210 141 26 132 26 79 225 159 155 146 70 86 47 83 34 180 243 181 213 246 13 151 63 121 164 220 238 2 6 77 225 236 170 89 47 157 180 213 134 234 123 194 202 220 74 103 105 206 24 215 92 88 112 252 76 114 128 87 170 208 206 162 55 33 72 208 56
207 104 104 45 140 190 169 36 254 159 139 115 121 151 253 96 129 230 15 128 36 172 24 203 4 97 237 21 214 155 76 223 92 181 238 187 157 117 68 104 144 7 30 23 63 239 108 70 71 1 3 36 246 106 150 188 0 162 214 227 138 81 130 44 177 137 247 95 80 159 77 12 21 156 58 33 100 148 77 120 5 143 116 100 45 111 192 193 162 35 133 43 144 78 86 95 194 177 156 30 11 91 222 48 152 235 152 251 6 214 54 29 141 49 198 21 185 43 250 36 154 132 121 190 62 188 230 83
25 218 73 115 156 229 11 174 189 39 220 58 135 40 101 129 8 202 69 225 89 136 48 226 144 232 108 133 181 189 192 19 161 138 7 12 218 191 191 154 18 131 240 97 37 103 31 211 247 97 12 157 128 252 48 89 139 93 212 108 164 169 16 74 210 46 108 76 16 243 70 75 43 169 0 84 130 114 41 233 193 142 131 77 4 101 241 37 71 147 196 121 94 178 82 161 95 42 89 255 10 23 114 125 67 98 160 235 66 106 73 115 3 23 9 138 236 49 199 14 100 238 109 227 58 86 11 147
18 245 111 41 133 37 139 56 171 95 70 161 61 60 78 115 84 98 130 208 78 116 147 101 7 250 55 67 165 150 133 158 24 73 98 143 11 42 0 201 229 33 156 132 125 129 59 101 24 113 118 27 54 25 185 186 63 172 233 248 243 8 92 116 53 170 187 94 31 19 128 225 132 43 94 145 203 87 232 179 82 49 236 5 95 79 15 80 238 68 20 133 15 2 171 139 176 78 120 113 159 195 153 24 58 215 158 224 64 184 2 54 69 164 79 17 164 70 30 217 34 236 228 225 147 0 185 58
107 51 78 49 79 104 226 98 202 70 224 215 189 54 3 108 27 7 161 195 247 67 66 89 168 62 115 154 65 139 93 116 36 67 169 91 59 3 125 189 9 222 90 116 85 48 173 100 47 59 170 171 128 227 115 99 26 112 89 96 36 80 161 18 15 33 146 16 119 8 37 157 205 184 183 180 23 137 252 160 75 37 228 181 247 162 71 158 239 230 216 72 179 237 165 53 8 18 73 55 24 193 5 169 127 22 39 230 199 46 216 104 196 98 160 89 195 138 150 16 195 196 165 18 27 193 130 163
40 56 221 221 123 87 221 5 5 254 150 60 194 163 39 37 33 188 150 100 10 19 13 103 11 248 162 144 177 156 154 212 118 159 213 120 6 146 157 37 15 196 22 56 175 236 221 156 225 197 195 60 60 8 147 72 118 144 36 129 49 130 85 93 124 204 0 33 2 51 89 38 125 97 126 230 171 16 37 25 54 228 69 67 119 105 144 214 43 197 31 38 95 231 68 52 113 22 214 46 43 122 251 66 92 22 19 50 148 125 75 72 159 48 184 233 157 141 35 126 192 235 33 110 57 7 225 16
67 21 88 193 248 160 179 138 228 53 60 211 87 227 106 132 76 125 58 23 225 183 34 160 251 183 23 158 139 176 235 172 171 101 68 210 18 33 212 26 201 22 195 58 43 144 72 87 97 249 235 238 56 78 176 135 159 45 2 137 210 60 14 92 70 140 128 132 237 62 84 191 131 198 125 254 154 156 245 17 225 211 99 46 146 201 112 13 20 200 27 238 66 165 92 53 153 253 127 64 246 205 193 35 102 213 117 143 152 193 76 135 178 105 156 19 92 175 151 153 17 199 17 92 33 221 39 248
152 249 51 63 220 168 214 220 100 160 193 198 149 126 118 104 17 246 69 253 107 38 164 172 214 166 189 38 162 128 196 218 48 103 163 15 171 29 52 28 25 217 78 169 8 83 176 96 173 70 126 250 152 246 56 141 102 122 152 246 177 149 186 114 110 201 216 220 220 193 231 15 213 239 197 186 185 201 98 47 27 122 76 148 5 23 252 216 41 231 255 3 168 255 143 169 227 233 249 238 170 244 19 50 150 53 211 145 58 9 12 50 59 66 30 120 26 152 14 9 160 223 19 5 139 99 208 176
35 233 153 44 14 172 85 74 157 79 6 88 125 88 174 79 53 230 116 246 1 239 9 37 134 113 126 163 65 203 59 119 175 238 178 179 201 226 184 38 163 124 181 97 116 161 32 16 149 83 57 189 234 146 191 210 136 44 80 53 2 86 191 159 16 204 32 72 172 184 181 191 121 194 114 137 16 175 238 47 1 242 27 44 224 29 1 142 249 40 68 225 181 139 121 43 181 131 128 63 161 235 221 178 218 12 10 124 172 62 127 77 151 106 243 238 159 108 242 142 7 133 3 94 57 86 214 182
213 78 35 147 119 167 242 174 213 20 225 175 5 227 12 217 197 180 103 111 177 202 11 231 123 233 250 65 134 142 113 254 218 108 135 133 5 206 239 128 107 41 170 204 255 181 23 78 231 49 20 105 170 213 157 198 1 238 36 176 224 239 151 0 33 190 173 64 19 68 251 56 55 113 206 99 145 0 187 45 240 178 22 241 168 154 243 130 232 200 62 17 31 142 134 154 220 110 16 234 86 245 182 87 233 116 103 13 226 151 226 126 162 181 196 207 11 192 50 18 16 244 146 96 12 231 13 237
26 233 128 179 161 109 234 161 167 48 31 59 98 4 179 26 97 237 97 45 16 191 165 132 223 47 244 22 177 147 241 171 188 223 255 1 255 236 219 62 14 118 173 95 165 233 17 76 61 228 174 10 4 118 134 103 23 186 73 72 53 8 51 89 150 10 16 224 152 95 218 195 143 104 85 179 101 153 185 29 97 220 62 107 233 255 107 118 40 38 127 5 79 46 15 101 170 155 129 12 212 65 34 254 94 139 31 254 101 12 21 70 148 103 136 112 2 65 120 135 94 218 238 151 30 17 38 74
152 134 88 189 165 137 9 179 30 42 236 156 14 50 2 75 152 15 125 192 50 229 207 127 87 65 141 143 222 169 0 184 21 254 122 126 65 205 195 73 188 122 19 116 236 153 145 69 139 210 93 227 117 174 169 105 10 43 29 252 35 99 150 254 198 60 214 97 46 140 125 120 200 208 222 52 31 197 221 237 43 178 35 237 23 22 61 215 77 87 143 73 168 245 137 71 135 163 248 183 12 74 93 244 174 95 108 60 65 14 8 108 242 150 106 152 161 42 11 97 223 217 38 81 28 11 44 201
63 182 230 10 184 168 193 44 209 118 129 5 208 50 90 215 239 144 52 77 8 133 212 16 59 101 153 118 178 162 144 188 6 247 178 112 42 203 90 69 165 1 222 112 55 6 1 218 31 120 205 128 59 61 30 139 107 167 128 33 73 182 86 2 66 146 135 166 174 138 144 47 130 54 9 197 234 38 50 87 58 107 230 112 127 33 162 229 169 5 247 118 252 66 93 118 251 65 224 31 218 21 21 201 214 153 91 8 97 24 181 62 117 245 246 62 141 50 87 119 255 88 101 110 120 187 154 109
238 6 72 28 42 137 240 21 128 134 95 91 230 153 171 246 196 106 173 120 93 120 210 66 193 255 174 137 161 13 178 188 149 152 196 187 41 223 248 247 43 70 115 134 226 173 169 197 203 170 14 45 175 18 85 205 176 193 231 78 119 63 154 51 232 130 208 111 179 124 113 243 1 145 21 139 232 1 244 135 52 95 233 107 204 249 32 233 204 124 199 100 149 44 14 76 12 209 84 233 129 38 129 174 153 223 7 171 101 7 44 113 221 184 82 237 231 241 248 106 83 34 37 44 117 124 50 68
225 138 150 171 195 186 139 50 108 220 81 122 186 185 19 117 163 248 246 81 170 244 87 80 56 18 45 13 126 73 3 170 138 131 121 227 108 245 42 66 3 215 175 1 197 124 46 250 221 28 127 211 108 251 61 243 159 36 168 94 24 99 45 79 240 141 112 218 83 179 147 231 195 100 162 8 107 231 89 2 16 198 139 11 27 108 57 45 1 156 55 102 128 248 129 62 182 167 40 157 215 140 53 31 112 55 210 166 159 102 14 97 73 254 173 73 53 95 64 70 61 94 107 163 25 253 191 142
19 154 132 103 12 0 176 237 89 111 226 43 201 65 185 198 60 38 111 32 251 115 88 186 200 197 244 62 75 198 22 164 49 197 124 228 136 14 103 90 57 197 110 71 159 119 41 241 220 216 178 141 85 219 84 244 251 73 88 35 199 149 117 222 186 214 10 252 81 119 21 10 118 211 45 229 10 144 193 148 187 226 16 43 92 97 60 80 172 114 180 55 160 202 72 197 44 105 108 225 48 46 134 10 204 80 93 75 64 15 205 133 236 151 185 25 199 12 64 61 157 89 27 153 112 72 225 121
14 102 252 37 12 155 65 133 122 181 184 18 7 190 195 4 109 152 82 162 201 98 117 58 176 98 190 248 38 49 79 59 119 138 88 48 26 140 164 136 253 194 221 218 199 124 213 240 197 110 70 161 127 55 122 15 137 65 26 221 69 30 34 156 173 79 223 84 51 213 162 237 52 253 84 89 62 74 34 44 162 108 35 146 250 150 55 191 88 162 32 57 10 80 153 245 150 165 222 77 28 72 108 201 76 222 234 31 82 161 181 69 164 171 28 216 121 70 14 146 35 173 46 121 205 142 45 146
11 226 186 36 63 80 93 12 34 49 31 233 23 232 26 75 195 8 179 55 55 181 148 213 119 84 85 11 85 113 233 21 167 16 180 125 236 54 80 90 84 175 225 166 98 67 181 141 0 153 151 139 37 87 198 220 207 73 176 170 58 44 52 85 242 57 142 107 168 116 186 90 67 55 242 212 253 127 150 239 217 40 27 157 77 199 178 9 22 23 215 51 199 20 249 150 215 63 194 227 58 61 62 233 134 119 58 20 42 56 144 49 169 32 233 92 60 142 214 42 139 41 201 156 103 33 210 59
201 248 195 248 162 243 219 167 169 233 180 90 36 153 163 199 66 144 189 51 251 110 138 3 86 194 97 169 106 192 145 24 234 82 83 209 125 68 157 110 76 94 118 78 237 93 223 172 151 220 18 131 137 118 71 207 64 226 53 184 90 163 225 151 44 202 221 144 82 75 117 160 81 16 145 226 227 91 33 110 240 185 207 48 147 86 222 215 169 14 242 214 63 235 55 129 49 175 76 20 138 183 164 137 3 197 189 84 139 219 55 81 61 183 197 221 80 20 148 198 104 240 42 136 15 186 180 177
104 107 150 237 87 133 130 188 224 48 91 159 115 218 113 210 5 71 66 203 27 77 187 80 231 148 3 60 169 227 56 68 1 248 117 125 139 117 125 40 125 106 98 122 65 35 14 84 142 83 110 75 109 26 249 199 42 10 44 118 239 227 181 19 46 71 128 167 20 209 40 24 169 166 57 238 248 140 125 63 102 174 181 137 193 171 134 19 207 153 107 25 87 181 127 16 226 97 43 98 212 106 241 71 247 71 101 78 117 106 23 58 13 6 19 66 163 147 215 37 230 233 235 112 98 150 35 245
191 82 232 80 232 134 188 155 101 101 92 201 204 94 192 190 44 123 82 113 168 238 120 3 39 213 252 224 110 31 112 241 157 11 101 77 239 165 59 16 125 199 55 251 41 225 251 124 96 38 16 32 46 112 22 232 49 189 204 159 13 30 24 121 19 65 207 31 38 99 135 214 211 171 135 57 54 170 136 150 247 4 167 205 208 29 174 135 33 161 254 140 234 101 221 144 166 87 182 94 93 130 10 24 100 191 164 15 25 115 142 182 197 76 54 223 122 161 99 16 26 55 135 167 239 122 2 157
127 194 59 10 138 161 211 141 244 87 252 92 134 23 31 183 250 25 243 128 107 5 201 143 252 46 164 10 34 67 30 99 228 86 50 22 41 21 148 205 235 135 231 164 225 134 47 107 38 25 41 228 134 75 176 33 42 18 30 87 41 13 28 15 243 242 88 10 17 72 132 188 234 10 127 122 191 92 254 170 60 246 134 198 159 94 70 49 211 46 21 198 228 86 26 251 155 229 209 204 18 170 164 238 134 194 121 198 106 80 20 46 151 226 174 183 46 32 213 192 233 186 179 19 40 128 185 138
119 144 236 172 118 1 17 5 210 119 1 244 191 242 80 138 139 142 94 127 99 102 103 35 222 44 242 68 245 16 124 132 15 123 38 223 219 54 201 53 227 64 150 195 248 17 88 221 25 151 153 141 48 241 18 88 5 27 151 3 145 177 48 66 193 245 109 107 21 7 23 5 101 146 35 103 55 220 214 14 174 113 153 188 133 31 116 193 144 17 162 244 179 25 148 135 13 86 238 126 236 175 21 212 163 7 35 114 224 247 241 101 138 35 121 150 157 146 16 227 247 120 218 148 107 195 181 118
159 65 223 169 166 2 82 185 120 223 132 55 97 65 18 121 168 140 78 108 83 228 74 190 104 2 183 209 109 177 143 69 131 230 45 145 4 67 86 53 78 218 73 104 64 176 141 219 116 135 219 39 55 163 67 38 73 225 150 47 19 36 111 196 201 192 105 18 21 254 41 162 156 13 27 232 121 140 107 71 218 123 109 143 131 91 226 199 41 103 246 183 4 124 1 232 103 26 138 177 231 161 224 38 157 87 31 154 105 215 170 224 241 213 98 28 197 68 213 161 100 242 83 113 251 51 18 5
125 126 68 79 205 252 114 160 160 103 236 0 61 248 6 110 208 61 8 130 62 152 248 160 49 208 19 237 52 4 254 188 50 60 48 246 245 174 177 72 147 160 54 31 99 225 218 162 187 108 192 200 41 114 195 49 244 156 61 6 109 132 185 98 114 22 166 36 161 80 75 13 135 48 242 36 136 12 108 240 75 48 129 72 252 103 73 141 248 129 139 6 254 153 1 152 130 125 78 53 3 170 177 4 63 97 14 19 130 239 53 102 233 119 102 179 14 219 66 36 150 69 140 220 216 95 84 29
156 203 90 136 227 205 139 11 0 77 175 16 168 220 175 178 104 59 114 59 92 35 56 76 87 202 242 24 58 10 242 240 193 224 72 251 87 106 214 236 52 218 192 125 194 170 54 0 48 108 166 43 96 142 86 174 55 179 183 144 115 172 171 159 92 129 187 64 136 82 100 143 89 241 117 158 112 214 170 146 44 188 121 118 151 228 119 103 135 230 210 157 222 21 38 69 238 223 66 207 196 68 146 107 69 31 8 127 218 186 114 192 93 221 83 41 91 83 68 16 103 70 1 117 168 91 121 6
75 144 173 145 228 93 35 216 146 78 13 53 159 86 158 14 224 29 230 216 55 65 5 120 113 97 119 174 21 13 41 235 144 40 189 31 237 142 122 223 63 131 246 197 155 149 180 196 8 231 0 193 80 114 216 122 127 170 165 150 111 175 66 0 35 29 16 132 29 181 89 125 143 234 38 127 42 246 16 177 93 82 175 24 79 1 81 222 54 254 99 11 251 242 87 183 138 184 231 205 17 119 163 83 251 18 163 105 3 93 202 83 103 149 183 145 162 235 150 229 80 109 189 163 53 70 65 238
231 106 141 225 44 182 47 188 86 217 50 172 244 6 212 191 151 53 17 115 2 239 110 249 238 234 223 134 84 184 11 13 173 193 21 60 82 13 237 64 58 90 82 222 9 232 106 26 77 254 2 155 205 50 61 116 49 144 228 16 215 63 226 82 184 161 122 192 150 247 104 146 138 127 40 254 165 141 96 111 18 123 244 236 93 7 41 189 34 78 196 172 182 174 1 118 46 24 153 161 4 213 210 6 27 113 224 253 223 48 195 60 106 128 123 204 237 229 57 242 244 169 224 91 44 240 135 213
78 252 22 222 204 108 151 173 121 254 170 240 199 69 213 97 212 204 78 113 134 107 102 44 192 149 211 95 173 79 4 20 138 119 69 137 144 152 130 113 13 152 71 39 31 146 139 4 186 136 184 211 26 97 47 29 251 24 120 53 175 189 55 55 205 58 11 190 232 53 106 70 119 35 235 90 122 99 68 6 94 38 122 69 145 239 190 205 201 10 53 214 0 239 36 95 224 150 198 250 66 40 210 41 160 177 253 88 116 139 41 130 227 172 92 237 136 176 83 138 16 36 83 48 49 229 5 162
171 80 188 102 54 52 96 106 245 184 20 92 130 11 119 190 73 255 199 157 190 193 218 198 71 191 204 90 160 171 66 19 61 2 104 64 65 229 237 61 63 72 227 165 195 19 176 163 40 70 9 120 104 250 247 144 230 213 189 178 169 110 138 71 179 102 140 139 26 81 13 98 176 222 15 104 120 29 249 180 16 197 115 128 152 168 19 186 207 147 138 211 132 208 180 196 82 128 185 185 153 250 77 254 137 13 25 86 14 232 235 136 238 63 242 123 202 39 171 115 31 92 254 7 178 254 154 64
229 252 46 226 73 32 179 121 5 15 27 248 241 252 30 34 43 209 131 192 91 28 230 130 100 189 28 227 105 101 92 120 112 62 91 43 38 246 60 56 83 64 183 90 144 130 14 64 204 67 207 35 135 241 37 29 246 193 123 13 194 119 187 37 213 204 33 97 238 106 100 235 4 195 136 138 221 29 52 30 234 8 84 205 18 104 111 90 47 73 169 222 10 176 31 53 100 51 58 62 242 70 204 26 244 149 211 222 111 231 19 197 46 187 222 231 176 25 151 90 192 199 2 157 199 63 250 155
223 187 223 200 181 232 235 214 186 232 198 244 84 244 39 150 37 197 71 133 178 184 250 208 183 6 186 30 48 172 93 125 107 99 154 48 7 45 135 216 46 162 53 152 173 126 157 125 223 22 220 174 79 128 106 145 186 185 19 100 208 5 98 130 51 220 187 78 81 81 201 238 217 58 66 197 191 192 243 143 106 83 28 181 59 110 30 239 132 36 115 221 26 198 181 48 68 28 83 163 249 6 141 230 190 0 108 171 73 249 59 178 243 198 137 124 86 105 188 239 131 128 139 99 212 16 112 110
131 229 226 158 181 123 167 190 31 46 4 154 51 148 225 155 233 232 141 56 247 255 91 255 40 229 92 92 69 59 194 52 232 227 215 22 52 182 218 75 106 51 14 171 119 85 38 77 242 155 243 36 241 223 60 223 133 224 22 127 138 41 183 202 174 200 193 251 74 115 237 102 106 113 87 231 96 60 148 58 74 114 191 188 201 239 96 253 136 214 82 209 192 54 37 0 56 96 65 178 131 236 137 24 43 215 224 247 195 63 194 217 14 185 76 45 117 223 219 90 138 255 19 163 34 196 148 106
18 215 189 102 207 24 13 249 219 120 158 94 137 96 56 31 236 131 45 246 117 123 76 9 234 27 102 210 1 227 245 113 241 162 95 76 146 246 72 75 25 133 99 142 48 247 11 50 187 65 183 176 169 164 61 14 194 202 35 146 16 128 106 25 49 77 186 95 10 94 129 50 169 145 129 17 239 155 187 197 83 175 56 183 232 255 123 174 128 237 99 187 83 218 60 26 165 240 18 97 27 82 4 117 173 235 145 16 214 48 146 190 51 203 109 15 31 140 125 148 144 200 32 183 151 150 172 140
84 225 7 185 15 70 20 160 233 62 239 226 50 124 27 148 140 146 33 96 156 129 39 21 184 188 164 152 103 135 15 24 220 175 5 171 84 41 154 36 240 158 35 190 251 235 46 58 68 14 254 244 182 3 137 103 54 59 250 93 127 27 11 175 103 152 112 157 157 59 50 1 143 72 104 221 190 215 9 182 71 102 208 223 203 201 226 19 146 105 7 50 212 3 177 209 144 90 27 62 206 51 179 16 154 129 61 93 161 50 198 76 12 114 87 67 230 53 77 201 201 33 10 59 150 173 248 24
226 249 137 232 198 75 81 178 156 160 20 154 200 181 241 223 157 238 82 200 237 187 122 217 170 170 160 140 211 174 189 172 153 164 28 13 119 57 57 250 180 56 35 114 4 42 94 11 68 24 216 55 80 146 163 247 15 252 252 69 144 21 215 221 149 156 168 203 45 193 174 176 125 203 54 112 180 145 57 86 11 161 79 153 252 204 220 31 130 175 76 63 41 108 102 129 65 167 154 1 197 17 180 69 186 106 42 58 105 177 200 125 249 227 88 26 216 177 129 243 176 253 163 238 160 225 66 170
104 235 100 234 172 193 68 196 155 128 193 128 32 0 224 195 52 169 4 219 254 53 61 117 111 12 63 74 206 95 63 70 140 31 184 216 126 123 97 26 186 159 114 65 83 216 179 100 170 17 145 140 4 127 220 127 81 62 82 82 5 80 247 83 29 248 86 74 19 63 161 234 235 229 6 155 8 105 27 77 216 13 163 67 81 72 205 60 192 143 68 177 157 130 211 67 65 96 160 252 161 94 235 15 11 156 176 228 92 210 110 182 2 45 44 33 210 151 150 79 68 170 46 4 222 166 54 157
168 42 47 132 9 124 90 116 235 240 205 225 158 250 219 166 235 204 93 181 118 199 18 141 149 39 126 220 182 187 187 195 143 190 123 167 35 127 54 218 46 104 221 99 147 58 212 17 182 122 72 87 95 233 245 210 24 236 9 182 99 95 165 248 187 63 127 197 64 48 141 100 116 175 249 210 152 194 107 17 240 79 47 50 179 16 75 18 54 251 5 79 102 186 24 124 117 164 71 6 230 29 44 71 197 63 148 53 150 92 85 170 253 120 100 109 222 82 226 159 212 14 187 204 77 179 65 220
201 244 236 238 13 188 250 3 202 103 61 205 123 212 239 11 116 72 2 162 39 79 191 220 152 153 213 144 39 141 11 211 229 149 96 45 186 216 213 226 71 11 13 185 19 116 198 124 36 71 224 78 36 244 216 6 114 24 39 168 101 237 9 48 91 238 212 138 151 139 236 225 191 212 1 125 50 92 48 165 255 134 27 183 244 77 31 28 61 155 182 35 9 8 12 23 155 68 144 123 58 246 100 78 72 199 122 27 160 107 105 43 86 244 23 104 33 65 82 163 96 70 153 130 252 245 42 171
129 72 221 208 201 18 236 183 54 179 183 64 46 51 66 95 19 183 89 167 89 143 54 53 92 217 233 217 82 247 149 129 153 56 177 52 169 151 160 13 248 105 242 18 68 85 118 224 188 162 113 175 122 158 246 32 144 7 202 39 143 76 41 164 117 68 4 35 14 93 123 64 197 185 85 72 177 75 107 28 65 40 46 160 182 117 23 62 168 154 247 128 228 14 169 238 94 73 253 69 149 82 71 130 131 59 32 11 38 129 213 91 166 200 72 191 203 113 195 206 61 248 137 80 237 7 3 187
216 110 97 54 120 163 155 124 124 216 199 144 56 229 12 2 146 8 12 115 28 194 155 242 223 66 252 21 35 118 33 119 8 214 35 54 54 137 40 176 118 198 92 235 155 33 193 226 249 137 6 203 67 206 217 184 85 65 230 34 97 175 62 251 153 74 1 69 136 29 186 88 183 58 119 70 92 67 167 134 88 48 222 130 18 146 196 146 124 51 24 224 69 211 177 129 126 244 184 136 174 240 89 21 181 203 214 18 116 70 15 222 110 255 35 240 208 180 191 7 156 41 103 32 128 154 104 76
